2.057454968139876827e-01,4.394615865930886489e-01
1.511359425360025988e-02,9.144918121282467061e-01
2.405336494434134886e-01,7.090503283091275089e-01
2.943459304631580453e-01,9.071994727148169346e-01
3.840561878022256126e-01,3.706639786400006686e-01
6.679558482976407641e-01,3.644806371587525629e-01
4.795403612593949205e-01,3.502438266918870280e-01
4.475014329639088739e-01,5.886202400994056116e-02
8.567055268776824217e-02,9.749179677246003761e-01
1.359970057151783651e-01,3.631951293313281370e-01
7.411738645589616148e-01,5.693239621941906803e-01
1.035972545659609168e-01,1.922769298115307723e-01
7.101774819696674568e-01,1.648300536936575522e-01
8.258495044933356066e-01,3.817426768871340359e-01
9.374983771025063861e-01,6.846573633911394730e-01
8.298585231846861143e-01,9.493006462502902032e-01
1.034070069293019367e-01,1.184589626345584623e-01
2.116202030643018484e-01,4.632562796912457204e-01
9.473633759711208580e-02,1.865080563986030171e-01
1.562812018157403449e-01,4.709986343468656189e-01
3.653755587240613556e-01,5.888588481158147925e-01
6.928684965801963358e-01,7.093661863520548394e-01
3.936443614790996470e-01,9.108112306496241040e-02
8.321984548019800698e-03,4.107885797911855486e-01
3.064242581118119535e-01,3.761126951026863008e-01
8.959913531282054366e-01,5.692001894091671677e-01
2.069155382074622240e-01,2.102850321233025177e-01
6.553980319150058964e-01,1.215145163802637818e-01
2.131428038284208792e-01,6.020890806861198818e-01
7.949763647864491745e-01,2.907837226636187378e-01
2.850940125034586714e-01,1.438645966267239062e-01
1.764788177705531869e-01,3.477081596175328748e-01
4.665452919234792661e-01,3.716845875468419713e-01
9.204121453595983660e-01,8.570103908203672294e-01
1.336420828576266873e-01,4.808512221525673702e-02
6.945913581558630367e-01,2.377559561956320566e-01
4.074566553125740231e-01,8.952610780677413560e-01
1.974262685921956972e-01,6.364191243785408680e-01
6.249059809252202058e-01,2.180979187052297652e-01
3.002669747145353396e-01,9.601161723336121279e-01
2.297579878178916957e-01,6.234130319022874733e-01
6.379779945874473057e-01,3.124695826898962192e-01
5.703078214905524801e-01,4.756030551887433511e-01
3.034480444520815112e-02,4.504570613586457162e-01
9.336193787713933379e-01,5.113823567718588370e-01
3.069340317968906051e-01,7.897609119097688257e-01
2.976083639231885680e-01,9.179516155663458576e-01
8.043207403988026361e-01,4.686497556508927298e-01
4.388686970486798122e-01,4.139864713668114371e-01
2.196802208977812754e-01,8.009298283266891305e-01
6.469348248489895647e-01,4.637862153948322241e-01
7.033884583981513394e-01,6.722009649162076217e-01
3.029475108332556621e-01,8.891799413828954668e-01
3.624016649463229767e-01,4.725473688978778508e-01
2.524759525244891778e-01,1.756507567153243743e-01
4.425236586879899292e-02,5.629460975872040418e-01
3.055635778503289490e-01,4.592259491301049490e-01
6.925981265711186330e-01,1.310156353692278897e-01
7.781938598924619255e-01,5.539394065714511317e-01
7.970013090562549918e-01,3.145403451955621765e-01
5.132018032502720928e-01,5.985924914070560598e-01
4.163610197639647792e-01,9.841487452953584514e-01
2.865024526022098561e-01,9.798163752259192449e-01
7.384258516389063942e-02,6.451442125093223012e-01
5.675839287151399626e-01,3.283051035301554066e-02
7.216781874003730390e-02,5.750276345591056604e-01
6.128610392060231948e-01,9.459345571685719989e-01
9.405122605463897001e-01,9.590069384660012686e-01
7.748765766922414144e-01,7.465199153227105588e-01
5.355686016792867710e-01,6.035435698457980447e-02
5.412135060587107693e-01,8.326371311396451036e-01
4.972391012541410582e-01,3.996472511638714531e-01
6.824108402388878725e-01,8.536925048973564856e-01
5.806329611432948790e-01,5.140310756090514799e-01
4.359327267348600543e-01,4.449452649241254498e-01
6.941116408412473238e-02,2.845886441512206488e-01
8.706380740373492744e-01,9.760663476862977417e-01
7.822144714675207666e-01,1.534105077421999974e-01
3.903716316450247525e-01,3.716744569686669664e-02
9.611600599349920948e-01,2.438255511240600137e-01
8.726923441550369365e-01,3.049939619146111447e-01
5.440710269252749809e-01,2.889765970043903787e-01
1.940726462305707445e-01,6.369933698377225895e-01
9.782179676052090711e-01,2.122608301607175063e-01
7.611075773585690429e-01,9.206558730224039255e-01
4.043827473358792002e-01,6.938776600210664336e-01
5.352171934852154589e-01,6.972045714976699005e-01
5.390307384212208452e-01,6.047158408902542082e-02
9.499346375093886685e-02,8.826460349029926489e-01
2.862749745908874655e-01,4.234714681216252830e-01
1.640882970287709242e-01,6.989529278991857275e-02
8.199764588008461308e-01,4.040872324873653332e-01
8.156837560083685101e-01,9.325493887771282298e-01
7.987307542841528551e-01,6.166872398991264381e-01
6.026762601044710621e-02,3.448486131036843094e-02
1.328326447580149283e-01,5.199374317184849437e-01
2.100092409332663390e-01,7.149197027962955753e-01
2.061090003197539877e-01,7.327066634506712584e-01
8.129983286290228817e-01,6.978065527895357389e-01
2.382260277353916988e-01,3.339760428891713762e-02
2.338188508405656396e-01,1.438722885966380316e-01
1.718576062006427208e-02,5.933232234033161134e-01
9.328367077775635563e-01,4.615227278810342115e-01
3.591790651626729503e-01,4.277608198833559028e-01
7.173966268190891116e-01,6.084955469721613497e-01
3.313457867464875140e-01,3.929404928532395092e-01
6.262889114358928255e-01,8.505229377596702500e-01
2.731114767643859631e-01,1.485954915251354036e-01
1.197902975649874913e-01,4.654110045856139077e-01
8.929527947678514987e-01,5.398787955130426308e-01
9.618174960631392656e-01,6.809368201081863470e-01
2.356895900158356705e-01,4.591028350648581613e-01
7.673538702680730017e-01,7.753379551234211853e-01
2.155969478630127556e-01,5.669972350535611438e-01
2.335229125060160893e-01,2.523895963939537523e-02
8.638993622812840556e-02,2.963327785702440931e-01
2.474077550251728708e-01,4.399361963986465618e-01
6.664126999638900761e-01,6.914594620422659377e-01
8.091295862164094022e-01,7.487208467969814762e-01
1.795670596262131102e-01,5.259705432418433357e-01
7.538559812566192342e-02,2.014760050478591191e-01
8.502056813923075662e-01,1.270883952415573503e-01
9.321541966541773139e-01,6.110035643029905206e-01
6.229550373470416069e-02,1.374747391372365124e-01
5.437130943352688206e-01,2.907625884123399285e-01
1.395662922722497035e-01,9.335071113788206976e-02
9.633890902876625084e-01,4.377773833068082654e-01
9.309907287861286518e-01,7.400721466758749534e-01
4.047145212740363984e-01,6.759241364254464646e-01
2.458224875026120415e-01,2.658766208097912420e-01
8.910083934480964585e-01,7.022313141373448531e-02
4.987546514488668814e-01,7.762722293403027107e-01
8.742726137159051447e-01,5.432382152730333980e-01
1.378025332405119485e-01,4.421793546701845434e-01
6.335113342957106042e-01,5.400568653753882176e-01
3.071682833416499170e-01,1.233730073085292922e-01
4.232491902563991770e-01,8.055247147090190962e-01
5.722611263568992968e-01,1.118666344144274571e-01
8.606406463096566428e-01,3.461368282671722918e-01
6.471300053824148302e-01,9.453615658114566944e-02
3.425060896573314251e-01,6.340802683308868204e-01
4.377810317153106867e-01,6.297801388480852580e-01
4.724566726083370138e-01,7.980326398876063099e-01
7.246666543405837491e-01,7.888339068550520583e-02
8.151664425033837702e-01,5.718477459813354757e-01
1.583033174756866002e-01,3.538444077507405527e-01
5.178458828903640399e-01,5.245408930363775202e-01
6.385139207815888618e-01,2.873257167806775314e-02
3.015719401025631630e-01,1.305674891135706339e-01
8.622718516010506873e-01,8.055771647888296805e-01
5.638189516851557226e-01,1.388472308422880053e-01
8.188410041218459057e-01,5.777560671428110251e-01
2.552223270051869886e-01,7.510292723531115655e-01
5.754697346676866943e-01,7.614880763736509017e-01
8.870562745785800507e-01,4.587929624537130380e-01
6.318096960312469257e-02,5.585301568882594658e-02
7.922284544418233265e-01,1.115562754639987109e-01
8.294944414958430601e-01,4.810997372956002938e-01
8.124968701819593742e-01,8.234476222877639140e-01
7.994473330283160539e-01,9.087685914111699459e-01
5.220056698995441113e-01,3.422594485190926239e-01
7.413790560681970954e-01,6.837422987753719594e-01
9.078368994354865107e-01,5.674569675828756710e-01
8.846618382689630522e-01,5.883325666199183956e-01
2.036289030447975268e-01,2.504133425696528636e-01
9.519192215021725634e-01,6.094879501019784263e-01
5.405507951187884519e-01,6.660312323789873146e-01
1.804617526994396481e-01,8.535095954782815353e-01
4.897065873195188823e-01,4.589969909342592747e-01
7.150719068891863150e-01,6.791080273215743812e-02
4.872911077197840113e-01,5.671070264720747822e-01
9.616365860399764820e-01,3.168469199163812533e-01
6.234428957533187932e-01,8.722082045093459968e-02
1.732415523945235458e-01,8.005277804133992259e-02
4.262599406920252187e-01,6.871872323427531404e-01
9.806776524958294994e-01,2.840916992661209894e-01
1.854573882905941051e-02,5.281956326170217375e-01
6.888208409054241699e-01,6.850411840408234809e-01
4.262155503887078423e-01,9.387398721496945653e-01
2.515484156354923506e-01,1.611925001979340744e-01
2.260537585118813642e-01,1.032293212109226532e-01
4.689831162189428415e-01,9.416450207831781327e-01
5.327987627412662519e-01,1.108172927272921271e-02
2.539313888188310386e-02,6.754301088477290271e-01
2.818842808707189285e-01,8.260687184853687803e-02
5.214768762723023254e-01,5.251025004694470644e-01
6.990442099627941497e-01,1.988978680734321269e-01
1.250076018919188403e-01,7.044241747897490580e-01
6.976885885617521987e-01,9.357342674917300540e-01
5.796353841145641672e-01,2.966952599499623755e-01
7.605322070381249633e-01,7.825097424882709873e-02
1.741828304380985681e-01,8.059331171109731518e-01
8.673023662086918328e-01,6.870141660706230446e-01
3.690819583831069783e-01,1.993547750733077883e-01
9.329223764469667390e-01,3.439815332031039841e-01
1.362057409678626430e-01,8.945570602192388643e-01
2.490246975269559959e-01,7.189009499905781864e-01
5.706932032327385329e-01,2.148213603570691133e-01
2.793150033331340820e-01,9.000533226511020501e-02
5.942592054284228098e-01,3.878571219586253171e-01
1.179825567749867021e-01,6.354136646180686965e-01
2.247155340421542746e-01,5.447145854675033982e-01
5.428273412131691122e-01,1.897524693830762166e-01
7.759681507625795227e-01,2.670779984575497590e-01
1.092259351843609672e-01,4.410961278899320215e-01
6.421172933477673483e-01,3.077443035585850639e-01
5.836765633681640919e-01,3.732884138756022985e-01
7.038843618344891029e-01,4.998951963799816989e-01
5.586532642885503330e-01,5.487669476899845744e-01
6.959340361300558886e-01,2.608067957618925847e-01
7.410934189160885976e-01,5.503728641844626290e-01
2.242476683354684974e-01,4.215980981264553229e-01
3.175669784264933959e-01,2.240765277086456120e-01
1.541944183532435453e-01,9.242609980152545202e-01
6.026487521294053851e-01,9.955338484188729353e-01
6.950370892184576377e-02,8.104472392113304391e-02
3.126365879748925769e-01,5.135187732685860817e-01
7.935711619162563180e-01,2.403088322112630904e-01
6.504320779259823437e-01,6.125960922556703547e-01
2.487093968505873498e-01,1.518301876358663094e-02
3.300509354732984457e-01,2.986153711030394842e-01
7.157689815875868389e-01,8.495390518802915514e-01
4.711096259157055988e-01,7.511565450779817965e-01
2.252340170010878051e-01,6.629957666751161716e-01
9.386684982193393978e-02,8.445239441314247308e-01
1.763503941287966059e-01,7.722335554560626480e-01
6.598913152252025016e-01,8.688593233912933478e-02
8.449827961357041506e-01,7.757943792751437195e-01
3.217534603740574983e-01,8.991874159949549972e-01
2.862853292839434571e-01,1.403680442617750712e-01
7.295676380389585214e-01,8.158487967678050845e-01
9.913831825532927189e-01,1.609285298062801406e-02
7.786533045853150092e-02,3.831176608782027593e-01
2.017527876764747541e-01,7.002703432835111208e-01
5.041435583026461220e-01,1.542590675999397920e-01
3.210159103482723708e-02,6.344760404166356338e-01
4.466341867015263256e-01,6.880356303391813588e-01
8.070790537502908757e-01,4.126005467947109207e-01
7.792272007810474577e-01,7.458645739013392006e-02
3.397444223978463018e-02,5.460106975493828063e-01
6.653836498397950328e-01,8.246351432412932780e-01
4.547287578918832729e-01,6.086686732550742329e-01
4.882125220826357692e-01,8.341132003114121174e-01
6.771830430159241354e-01,6.216078482210145584e-01
3.238854447961461158e-01,7.140725164192076591e-01
4.562064514856765118e-01,1.693342106391594326e-01
4.329324002509929992e-01,9.359589731454620587e-01
6.100742852620172352e-01,5.445194785978937357e-01
6.515671847567996444e-01,5.698936020089424570e-01
9.215236602711402991e-01,4.953354141537967825e-01
3.815093133150301297e-01,9.315162784569128718e-01
6.698351303529028744e-01,5.694440788399172115e-01
6.520517699203357553e-01,4.155446373872795363e-02
3.944137824112172730e-01,9.456415543708690530e-01
6.973276177310994139e-01,9.861787873468161880e-01
3.922396915910492110e-01,4.579800415400510083e-01
3.604555084771535745e-01,9.105480285321716494e-01
4.403468020466912991e-01,2.511382224759791670e-01
1.521260991321321532e-01,2.926578354689366446e-01
5.529518170549689859e-01,5.387448015843607774e-01
9.279775207399295622e-01,9.901035565903115732e-02
5.012305166131427736e-01,3.531218877545692081e-01
7.477937980361180070e-01,4.241242017646885687e-01
4.816740528495213614e-01,6.877450103572235740e-01
3.050061850352535631e-01,8.459122491489673434e-01
9.320801576765134211e-01,3.258576020487619074e-01
7.520483554531380843e-01,5.281199945482891733e-01
4.998776006984924081e-01,2.182120902266689866e-01
4.312640087611991913e-01,8.414549562664747073e-01
6.701613786267410777e-01,4.432063135802070120e-01
6.931156637077329208e-01,1.331149990256401683e-01
6.776122662586198109e-01,2.260068110870223634e-01
7.545423027403725946e-01,2.145845695011492360e-01
2.672589352383042405e-01,3.374202391466694095e-01
8.396618815882074260e-01,2.793665017943238738e-01
2.454496457107822049e-01,2.545933678467249273e-02
4.057856487561122272e-01,6.416835584584927865e-01
3.884527690467864947e-01,4.580926505054615516e-01
2.106852364098052988e-01,9.603381768067595914e-01
6.567917307648606373e-01,4.536807545779530937e-02
2.707124820843216373e-01,3.945711186885727528e-01
6.373830795497958945e-01,1.711990127247309257e-02
9.433896559297100248e-01,6.662502289767306962e-01
5.198251501141311071e-01,8.969861239970925437e-01
9.686159230122994845e-01,1.088579037527499516e-01
6.441900873243013859e-01,6.424161518842789187e-01
4.780943630802377831e-01,6.835122048175397147e-01
9.259209724687147425e-01,2.827656890586949245e-02
3.768289349736358984e-01,3.977463854617470096e-01
5.617150738580600766e-03,2.981583186235673422e-01
1.297627378350570959e-01,3.284464497909020952e-01
7.534986235331163629e-01,7.246444118515241728e-01
6.310099386958909484e-01,7.696651791225428418e-01
7.928562900149513926e-01,4.413435643830757593e-01
1.944562245966994229e-01,9.699800022958056100e-01
7.432198456170253653e-01,6.604081006639689333e-01
1.725999087479357375e-01,9.996118830440146041e-01
9.672361297423762716e-01,7.349893038208396012e-01
6.290875815446126396e-01,5.554401730617267718e-01
4.277307930854483686e-01,6.244379604245456905e-01
3.187533765181704837e-01,7.123214668533311977e-01
9.248405902645281396e-01,5.598083891584755278e-01
2.200778138471118917e-01,8.231489841940436980e-01
5.352878874017276134e-01,7.381111871991168361e-01
3.512562758364565774e-01,3.346188436238717312e-02
3.677672267470845080e-01,8.590352657561639571e-02
5.173925352755227580e-01,7.455082666647743217e-01
1.502289324199689302e-01,9.738642144902315279e-01
8.212303352170664539e-01,8.526174348684424364e-01
2.662402539637607202e-01,8.929920779695997846e-01
5.784763060317316130e-01,9.571631314162754034e-02
5.812822022195957006e-01,4.837201586119699304e-02
3.425594731785683855e-01,5.692032505984297996e-01
5.042067383966606364e-01,4.141331368324103757e-01
7.408478383481643670e-01,8.856773672639022266e-01
7.931782337423214368e-01,2.203055293917237645e-01
3.313427445532870497e-01,9.047060788224106087e-01
3.517002067998218351e-01,7.040195076819077968e-01
8.989663806338166196e-01,2.698433520009679842e-01
5.668727632110290848e-01,3.475204277650608686e-01
3.509254678632924840e-01,1.706624549949176117e-01
5.709200557891714878e-01,8.030523765015209481e-01
4.594884933233389646e-01,8.414504925796395529e-02
5.581706596459509173e-01,2.024382668262885154e-01
1.369485875579748990e-01,6.272176029758795845e-01
6.042837741243877181e-01,3.061745480031633493e-01
1.754681746541183474e-01,4.819790176994275255e-01
1.051134580678960706e-01,5.886770855323248952e-01
7.830429488011467765e-01,5.147256134946276429e-02
4.813137076400106906e-01,1.595082500859409391e-01
7.872603123408972170e-02,4.491085255063931303e-02
9.099163258412243938e-01,3.503778873460350329e-01
7.878883323218253132e-01,7.295331625644008167e-02
4.555057829581710127e-01,5.393128594425626865e-01
9.754740517345581452e-01,6.503523187278607010e-01
1.941189844966538791e-01,9.567176890229919239e-01
7.404510239473849342e-01,5.635287423591947009e-01
3.228247384285058974e-01,7.844974349772283473e-01
3.178612777205459539e-01,7.331733483510695093e-01
7.413655071932897522e-01,1.586408202324590677e-01
1.434067331225724606e-01,9.911558664300972321e-01
3.524389153610785197e-02,4.082347862680096862e-01
4.556738329720034786e-01,2.849810589428971586e-01
7.196698686230518227e-01,4.770551141726064870e-02
7.237708208473578875e-01,5.399213456178125758e-01
3.134019696196077565e-02,2.897633766358819196e-01
1.140086026653169826e-01,9.795005116417422331e-01
5.332273517858395762e-01,5.712246947262544783e-01
1.720632717596493055e-02,9.913069610974797330e-01
6.870132415892236111e-01,8.300454964404576641e-01
9.869849991198005323e-01,4.301089893950269527e-01
7.770163769355953320e-01,5.844945522842771579e-01
8.673990607311892198e-01,5.189824402395603054e-01
9.889919865753983297e-01,3.499578468316437707e-01
3.813917761294414177e-01,6.860019645628281371e-01
9.579616441961983364e-01,9.263602797431794711e-01
4.430954792617396443e-01,4.034638571895133863e-01
1.458012283141469911e-01,4.364300042310857997e-01
7.781007432247103450e-01,1.959506228090716062e-01
5.686505556099665792e-01,7.669211357517569105e-01
8.120436409947823231e-01,1.726344957161994875e-01
3.181528750202116118e-01,3.582784124942595128e-02
4.142013647327102976e-01,9.192532088754628017e-01
5.812642717394066461e-01,2.690618150860349944e-01
8.411565038598204369e-01,2.072395134794624560e-02
8.072394725653111447e-01,5.191968352414628729e-01
1.096895068596022149e-01,3.885805640169828212e-01
2.900956349824245217e-01,1.464957567763424118e-01
9.708103424055137820e-01,8.762230229963746675e-01
6.811043067391646666e-01,7.615214770274579825e-01
3.839703455307035274e-01,9.785619821430258103e-02
1.456290745411530363e-01,2.300146834049040523e-01
3.416750836870026120e-01,4.328167883894018519e-02
5.050613085241241196e-01,7.000069270101764163e-01
7.800829473627907129e-01,4.835816934431855785e-01
1.299153534681405375e-01,7.146139257336313610e-01
8.800877938609488194e-01,5.954243734215253214e-01
7.762838502219215897e-02,8.979533249866051836e-01
9.916573104248570525e-01,3.718646334302633250e-03
5.964170087034027512e-01,7.721509932770544982e-01
8.744313440140060179e-01,8.940674188828828806e-01
4.724116604071479930e-01,5.302472169108078948e-01
1.845176087969230272e-01,7.210413249948681713e-01
8.494838139872841198e-01,2.952290979006793048e-01
3.782264095560649020e-01,9.924578931027749906e-01
3.507599216450341117e-02,5.499258697798816709e-01
6.373943065301679312e-02,5.541781824619124164e-01
1.014946313954712132e-03,3.053012089902271686e-01
6.457551407588393300e-01,3.572356591934254810e-01
1.472915078095914376e-01,6.263071049300444892e-01
7.803606650858772031e-01,3.161481973453660332e-01
5.871998663869012480e-01,1.022957703148974495e-03
5.199455409092208491e-01,3.938922889931820714e-01
3.085707625297477996e-01,1.444033471541388280e-01
6.119514013169810029e-01,7.787749843437432595e-01
9.130880571655131117e-01,4.001189769231945359e-01
4.591990279912436801e-01,9.230222192769155232e-02
7.188722769696074266e-01,1.059831417036972701e-01
2.373563486060090710e-01,7.410514317720870991e-01
1.512539844150095902e-02,9.433525941982152663e-01
7.360105665140300735e-01,5.973307625859368697e-01
1.868487437555894637e-01,3.917717104040957521e-01
1.769269057541199563e-01,6.386289286750542749e-01
4.409072952710474391e-01,7.872873963154060073e-01
7.201632035263868525e-01,8.994391744886668372e-01
3.783794448407400424e-01,1.810084290283824338e-01
8.311218627029429706e-01,8.256785212080437475e-01
3.769455610203017448e-01,7.922034690657442368e-01
1.561552522047229274e-01,3.752426213758401907e-01
8.333674481105479703e-02,8.571251184291012182e-01
6.059436036466318010e-01,7.062196568335390445e-01
4.096844646919931554e-01,6.002090536790738451e-01
3.439490698918712397e-01,3.776294931683769063e-01
2.367214255574425774e-01,8.459846613392758563e-01
7.110934296770958785e-01,2.684692754745336973e-01
2.395189288055186161e-01,1.394738782372688668e-01
5.435177524808217919e-01,1.856963387710466318e-01
1.857766083257818002e-01,8.952598680953839372e-01
8.247212483447068365e-01,5.484800342675261176e-01
5.340336176144294678e-01,4.055716838407070757e-01
7.979874332414741422e-01,4.242839518840235691e-02
7.665543942308719050e-01,6.392299429096853780e-01
9.345214061599149691e-02,2.679635781571312325e-01
2.800170235209697989e-01,9.385623892172711979e-02
7.097632949672058045e-01,1.866656910459580931e-01
1.999624045648740189e-01,5.346455109223067215e-01
3.518532618028180625e-02,4.719040203517790300e-01
7.301915623042523062e-01,1.925854974439795697e-01
6.859198644121371480e-01,7.250743834655409836e-01
4.856751222043543814e-01,7.626275129189235003e-01
6.180410223869103881e-02,5.690330147475174405e-01
7.142296818030877681e-01,2.783778111836424651e-01
8.608091847996469648e-01,6.618553313223467516e-01
4.941620885858465373e-01,7.306027348696655377e-01
6.638691889810359736e-01,1.781127529921441299e-01
4.423306783574844081e-01,1.566619679282769129e-01
3.114556183901960873e-01,9.433807092393716731e-01
8.432074023270667018e-01,4.186437789856154446e-01
2.356330635325368794e-01,7.678352910305149548e-01
7.550090945443767021e-01,1.761473780218368868e-01
3.326220391668132104e-01,6.156008132317990489e-01
1.458915222196686123e-01,9.762439717433567532e-01
5.170890372639530552e-01,6.079264316966837001e-01
5.412602349289570292e-01,2.268446869740359251e-01
7.497683359739207853e-01,5.926144406606642656e-01
1.292592447118042776e-01,3.600470433807939630e-01
3.476539742575972536e-01,5.394245271356523652e-02
6.083471674022951081e-01,5.283410528993115474e-02
8.521196838148562547e-01,1.818833799174134347e-01
8.912226303971233499e-01,5.043500841181195460e-01
7.934177237444940411e-01,8.604627373181281680e-01
9.997587466838352421e-01,2.709125716517222227e-01
9.475658067202706869e-01,9.359574392533938081e-01
4.244943095615794082e-01,7.200862312768263607e-02
7.667544313207778073e-01,2.075581169961253636e-01
9.516335534968414223e-01,4.228941677532416232e-02
9.650356260700578837e-01,1.246012063426846783e-01
6.041506648070471552e-02,1.646197306094328017e-01
3.833644108899766367e-01,6.929041610209494273e-01
5.434691120697048294e-01,6.813580536716452585e-01
1.484799497543954905e-01,7.757783008570486860e-01
2.481496352221479462e-01,3.104691299902335722e-01
4.334014509798499448e-01,8.856194978959758268e-01
8.328191321097739852e-01,8.890192934103716693e-01
1.731235570621612041e-01,3.331162573287701489e-01
1.956096800042372852e-02,3.906743187824232022e-01
4.581944917534334083e-01,8.713259840811361512e-01
7.948480079172477453e-01,6.053363376484732772e-01
5.421076117890111234e-03,2.466384584156763315e-01
1.672831606158919904e-02,8.906854991318726711e-01
9.212701222074467511e-01,5.637461181463656601e-01
7.985424173815469651e-01,7.689063372296499610e-01
9.988503204648364608e-01,9.807414764743992430e-01
2.836832819438883657e-02,7.938262573613423800e-01
1.811135500895042494e-01,1.391039403602367663e-02
1.069440943704025315e-01,3.402024598776109965e-02
8.049952316701107780e-01,7.359592789222865195e-01
4.817425794658358740e-01,7.088071565899886073e-01
4.181615435267113101e-01,9.663980669599414597e-01
9.507548855496213980e-01,7.648934656328376658e-02
5.909657884996265542e-01,8.214783397001348408e-01
1.402448106521551052e-01,2.534586237456915025e-01
8.571485160482548160e-01,5.539320589792601224e-01
8.191289949149683780e-01,1.224719367098779932e-01
7.263090162049687937e-01,7.862802767974439444e-01
2.161710743541461754e-01,1.662909836214102599e-01
9.581696409218054544e-02,2.891078617649016635e-01
8.294484210185129047e-01,2.243100760093111878e-01
8.158085370841886563e-01,4.742492463667946634e-02
1.328422359883422166e-01,2.001280015924651323e-01
7.194176713854061322e-02,9.560433135811275962e-01
8.648247390949967972e-01,5.853716459826011631e-01
5.591584521358808901e-01,7.855723167721231359e-01
4.343065303600245342e-01,7.327329255822156995e-02
8.917864848832305347e-01,4.659242019109566257e-02
2.201163083729116288e-01,1.377395117854411932e-01
5.476614901206884323e-01,5.481713570433527360e-01
7.125721029366260950e-04,2.992098633558327725e-01
4.257878666836996118e-01,9.006776465383962149e-01
4.274906930609212452e-01,7.689690659551240426e-02
4.909579386345656049e-01,8.741989147114592740e-02
3.284817366089084478e-01,1.203209707771887294e-01
7.672906734433049269e-01,8.823434683169880666e-01
6.616295851015514540e-01,3.267465350505679433e-01
5.842696524759295462e-01,2.959824584482443344e-01
8.390691323912913280e-02,7.360991806582521946e-01
1.592245225499211436e-01,1.059593654069799218e-01
5.156986401143792698e-02,8.484765688477685641e-01
1.687747123458862575e-01,4.860633263665868897e-01
7.737763779049783297e-01,7.121107834707438577e-01
7.174153478089120295e-01,9.408012913317636006e-01
7.671579259388013883e-01,5.328871585698943258e-01
6.591812187497800846e-01,7.250262758120293860e-01
1.927407325921103309e-01,9.928028445637020472e-01
2.845834602149985848e-01,9.459765632174126360e-01
1.868785355460655939e-02,3.629419962853674964e-02
1.329724526520392747e-02,2.789414486426973205e-01
5.509221693361995298e-01,2.825055112485451714e-01
5.388192199981913788e-01,8.898951540991528741e-02
7.895076662848576898e-02,1.476058555563108943e-01
8.613520928329850834e-01,1.616052138797415827e-01
4.108575043104661928e-01,4.434224015460097590e-02
7.932979082425004602e-01,6.885216024912599320e-02
3.937269042440653122e-01,9.965304779984297534e-01
3.107676775019504456e-01,2.784356524659249432e-01
1.286122750209426346e-01,6.458015274097544944e-01
7.238269760481995663e-01,2.609011462925348024e-01
7.831644660206696917e-01,1.840551114877148065e-01
2.805181079049144932e-01,4.182779637281233143e-01
9.625137535510589482e-01,3.933694083645922213e-02
6.655790911637535778e-01,9.998856549226875501e-02
5.132912962038030935e-01,7.560534627054293910e-01
8.407008668635805870e-01,3.638071002674790888e-01
1.172272968944528815e-01,5.758829562341389874e-01
6.022999512008809786e-01,8.413518749097234073e-01
6.866688373236179421e-01,9.969086461973043489e-01
2.980290828145832904e-01,5.459689651649575204e-01
6.423814784138569545e-01,2.583971428707929618e-01
4.413766388000119889e-01,4.793949131960562049e-02
9.368223626123313164e-01,4.342175493380647788e-01
9.006086487094162596e-01,5.136097951454346999e-01
8.758725445965827028e-01,9.757358402638020012e-01
5.089071560613869227e-01,3.186006881807501578e-02
2.089097045139012288e-01,2.565577053965848453e-01
5.702710930603248629e-01,5.104795701459700075e-01
8.392383716521519821e-01,1.510069964639138007e-01
2.440571646570570685e-01,4.814849524896981370e-01
5.574470820019022943e-01,4.909565571293682540e-01
4.790078540525726236e-01,3.773300062874452854e-01
2.359831532991106817e-01,7.784756346357417645e-01
9.547227435172720433e-01,8.521816432051175783e-01
8.377000465361446047e-01,3.171618766139379098e-01
6.006168079585583186e-01,4.254029353080422959e-01
8.164442560082675326e-01,6.982285276597595125e-01
6.343350636687729027e-01,1.251693793823019929e-01
9.756801820427677407e-01,2.572455298371660870e-01
7.304510965467827521e-01,8.331819709795229567e-02
1.757390753996257438e-02,3.291726218057267062e-02
9.768424307188312561e-01,9.722502466364122409e-01
1.400941769298330586e-01,5.185109015612149319e-01
8.516348221094586224e-01,7.054635388655378092e-01
9.905728738897288110e-01,1.190326724701573635e-02
1.915909069862125058e-01,9.820235105024064381e-01
2.823203458661116549e-02,6.390695753373388799e-01
7.752726052408464019e-01,1.405733733728848911e-01
8.119901976269527921e-01,3.996448483748655800e-01
9.535996958283099456e-02,2.375806405237922414e-01
9.761280302448007706e-01,2.648211873052698229e-01
3.309192890040043578e-01,4.871727678082200530e-01
5.279789599379755005e-01,8.265758148401093353e-01
3.071845081773783015e-01,7.849686570775283867e-01
8.250688805052969199e-01,8.486848835589582141e-01
6.609956473397941012e-01,6.555431026948207451e-01
9.761985484601843899e-01,5.968621317944819982e-01
8.098404614717636951e-01,7.230765906221781059e-02
5.737165714550453988e-01,4.517552591833506881e-03
1.390139372143460728e-01,9.208111066358796171e-01
2.762019501519160647e-01,6.464183713258431219e-02
3.170115518928537934e-01,3.714484091751535377e-02
4.350788596236904171e-01,9.206016556089171576e-01
1.616970487129315570e-01,1.990226893851467782e-01
6.503511052973668383e-01,7.273934742838561451e-02
2.785581831398186159e-01,3.357342987802742762e-01
8.162478141646221097e-01,7.426210848992024216e-01
6.459490480633656162e-03,5.528077635886829988e-01
7.446759867078402984e-01,3.679401774368158407e-01
4.503154081656406404e-01,5.244090947079141918e-01
1.318879058112880642e-01,3.624032256095854887e-02
5.823225515515086936e-01,5.802916756153984057e-01
9.490676354706396589e-01,9.273520198916931356e-01
8.114427775822113942e-01,1.740054359708278486e-01
7.841897768297335647e-01,7.528650243476586734e-01
9.850036513183333398e-01,8.914694093148486376e-01
1.193191581187315053e-01,3.177164443674542760e-01
6.227059957431702042e-01,4.691469407100611333e-01
1.670771168665647899e-01,3.271543672178507389e-01
2.960056234016876786e-01,1.176599212560726082e-01
2.518624602158490156e-01,8.664651044015676540e-01
2.830796392072654211e-01,2.414666383358543555e-02
5.664356897931119850e-01,9.784811422021736371e-01
3.607146922866281136e-01,5.185420404211507073e-01
8.628693515984170448e-01,6.934400574592546329e-01
2.080328639665407486e-02,3.725152101908958402e-01
9.547116853050380270e-01,1.327801160663137914e-01
8.240010096799370576e-01,5.116807297991262660e-01
3.617239309341162556e-01,5.664856248155084595e-01
8.250374693001853998e-01,4.880529225911022229e-01
6.410638098632932547e-01,3.814382457350973255e-02
7.458863727925687526e-01,5.397887446698017566e-01
3.604388802701097294e-01,2.964367147240150047e-01
3.262058592615779684e-02,4.126132881406595621e-01
6.251625516886524236e-01,6.292797183004371631e-01
4.897316757485515870e-01,2.553536505613710483e-01
4.576636518814902743e-01,1.721863195172957939e-01
7.169679149048161504e-01,1.671161135644584350e-01
1.557645855487088671e-01,8.799487104351787492e-01
4.143726398060396665e-01,7.818294209293257246e-01
5.903610257015581286e-01,3.768271334691253305e-01
5.974899774215073345e-01,4.940446597454787314e-01
5.577425051094040409e-01,2.478014539708751629e-01
1.084817897634186012e-01,9.104274202657181014e-01
6.670699833249773558e-01,3.932277503786943962e-01
5.819738448039923906e-01,3.313472429897615923e-01
9.153348905604689056e-01,2.795196168588161001e-01
6.173250360632356326e-01,3.450351327819022318e-01
8.785965267633573106e-01,2.405346846583237275e-01
4.613505867310252473e-02,6.995305127043605076e-01
9.467062838657702706e-02,1.809855691925355003e-01
2.689943755827008953e-01,2.429838536128618998e-01
9.497696418115414430e-01,8.624523129825056866e-01
8.557642083736242133e-01,9.174245228379618311e-02
5.429669522457378772e-01,5.161477559248914826e-01
7.189722266402354123e-03,6.381263741377847243e-01
7.947603854978384508e-01,4.740447697478679112e-01
3.684466650872170179e-01,8.960214913554187532e-02
1.588166410161618858e-01,5.435222056965917092e-01
1.262521623733507958e-01,4.250501459242782554e-01
3.317292821421188309e-01,9.945554443757154139e-02
1.789424718238203926e-01,2.115527487053863176e-01
8.027344914725920155e-01,9.907878051700818034e-01
7.919399758060914341e-01,4.035961798270684131e-01
1.889198648798656732e-01,2.073061088702973231e-01
3.734073615480094643e-01,7.330910879332367402e-01
8.587623745182324519e-01,3.608704972732308391e-01
6.544227334392732631e-01,3.158285724856678689e-01
3.267556968319046407e-01,6.520585862566982138e-01
7.280595646288234857e-02,8.119359933138843299e-01
5.935555147147472121e-01,4.032626206021048265e-01
4.305940698216569329e-01,8.237294494879557893e-01
4.143443604443648454e-01,3.996769831194332268e-01
2.622514508426622148e-01,3.385539758564353185e-01
2.285996800582623667e-02,7.627327357455055967e-01
4.405561637112493933e-01,1.528688254831522819e-02
3.993874752461468169e-02,6.322832300903525882e-01
4.229492159654693051e-01,1.233486033791043601e-01
8.168335254297762749e-01,8.290972972982497691e-01
9.327171009776495936e-01,7.851764734162431925e-01
4.719945312837282581e-01,2.477194413394807615e-01
1.183861391838284538e-01,2.924893439436423437e-01
9.900199733925421075e-01,3.020857858367569371e-01
3.607685678850321986e-01,9.056907690665330080e-01
3.925199888252206559e-02,2.174158244602401036e-01
4.793283821778993037e-01,3.707102511105041520e-01
7.860977328379215034e-01,1.301183143125127506e-01
8.639007147307325996e-01,8.258955907399931906e-01
7.428055411675645869e-01,5.010818502589322598e-01
6.989504152310808127e-01,7.429169791324280459e-01
8.809798770417265334e-01,6.472791840827074594e-02
9.131388451604356415e-01,9.744138347315716153e-01
5.167122850550583957e-01,6.445600139345104562e-01
5.151600973945388295e-01,2.403018676936721221e-01
8.249276493720503201e-02,7.091767421831398632e-01
2.046684699020757670e-01,5.046390907461126840e-01
4.097075244832940610e-01,8.169845060348459587e-01
4.304526559908694594e-01,8.980797122553128009e-01
6.260868096240765901e-01,3.027284774332659190e-01
6.337529319822680085e-01,9.308640074439205048e-01
8.522225658017218430e-01,4.535236233587016663e-01
2.499043206192197442e-02,5.966100706525055974e-01
7.607976904106661387e-02,8.689230317598917175e-01
1.396149534090881383e-01,4.225654410185042398e-02
2.484445983805857461e-01,9.065614235683577826e-01
4.076050266778206144e-01,3.006344855946407879e-02
4.479338981399344499e-01,6.080146727054893674e-01
5.936354856608161423e-02,2.353706330978314609e-01
2.681371941434698147e-01,2.250841785900653536e-01
1.922994247565623649e-02,4.944396128894489317e-01
3.622090930593701019e-01,2.940712355291155156e-01
4.038690056007709916e-01,1.297682416457536236e-01
9.761990047395364689e-01,6.071982530950998935e-01
1.953708594569623092e-01,5.485035219386866778e-01
9.257715607794138046e-01,2.981537619779460746e-01
4.499465273127780662e-01,7.258797144117933309e-01
7.543072580549282646e-01,5.624373936450746125e-01
4.178490908373111434e-01,6.196457846493839128e-01
6.183851534318606236e-01,2.513551420012047899e-01
2.697458819470237579e-01,7.836983307424983947e-01
4.399790519498929520e-01,1.707463627081635682e-01
2.446380108866069714e-01,7.466192029744708192e-01
4.400678499885981587e-01,6.059370747087189368e-02
8.727349464953240155e-01,6.117757123959244314e-02
4.015113857905481254e-01,6.079479879034420664e-01
1.707781668550879539e-01,5.968040768194207146e-01
6.327662675407559334e-01,6.843867530713629854e-01
5.000942347486617701e-01,1.119898469497287996e-01
3.390236710323588643e-01,2.247000342581680910e-01
3.388637995089770483e-01,5.207148152149624343e-01
6.943619448457224452e-01,2.182976724295170312e-01
9.206727606097614425e-01,5.679887791604966152e-01
2.840735101271233409e-01,8.549302131802464233e-01
8.929856458918944417e-01,7.176114165692119018e-01
2.125406118875472483e-02,7.674309524913763836e-01
2.793658013709361398e-01,3.777980093254290628e-01
5.774183276939649501e-01,5.305402575080923055e-01
3.680246232555696162e-01,9.655130282788036977e-01
9.400663526028081307e-01,3.365566712931822302e-02
7.157853985067396119e-01,5.629068059086548281e-01
9.355337493275477367e-01,8.701619681318558674e-01
4.293864165776356545e-01,1.878371616741157935e-01
9.208268101463015221e-01,5.762873503706773537e-01
9.904110804724558514e-01,9.688244799384304606e-01
8.532306624569322429e-01,8.956359790763982476e-01
7.358052238709150705e-01,5.471283925536055692e-01
6.953107692425763986e-01,1.164593553289590133e-01
5.112528931274653576e-01,4.061118348864002359e-01
7.035856171855658925e-01,5.333852710750891513e-01
6.511420106363882132e-01,2.974812562781099512e-01
7.572314727026814296e-01,1.440603983708796942e-01
4.797580517391519805e-01,7.692957694586679551e-01
1.371236548969891889e-01,9.335840375372533861e-01
6.631875691663480232e-01,9.665401910257866991e-01
7.115924382318091768e-01,1.286291505052511441e-01
2.489030033951061816e-01,5.784127662570492934e-02
2.121013045907782502e-01,9.486209739710586009e-01
4.085768048390285845e-01,9.064454338637156772e-01
8.424339398930117406e-01,2.279336455666991501e-01
4.080259493494895473e-01,5.154892682927478820e-01
4.833015994748161015e-01,8.102093903584577372e-01
4.112936039639086827e-01,6.564871678247479192e-01
4.731931242648376168e-01,3.238983254467021622e-01
6.570311823456358447e-01,6.336464634944182217e-01
2.016706152367883087e-01,3.249550590965493146e-01
7.114536045689094923e-01,6.951744469548029048e-01
3.672704217490828649e-01,8.907764045361350469e-01
4.668373310203135507e-01,8.458888252436974620e-01
5.581533601277023360e-01,5.133836345071270957e-01
6.024536103125419650e-01,4.171519216986060430e-01
2.222224076768951617e-01,8.709972844213875742e-02
2.395993069489166238e-01,2.988655506032256159e-01
9.242224261414311304e-01,7.768668195874287585e-01
6.333125549648824792e-01,9.954843158104610401e-01
1.399473159510002951e-01,1.232737789057589683e-01
6.459461603419791587e-02,5.265961824872097408e-01
1.159701933628887183e-01,1.465379589537061378e-01
7.165713777846940413e-01,5.455840404081344630e-01
1.693008853263747726e-01,9.495287281096406184e-01
4.767239069224663561e-01,9.342085746038653049e-01
9.560427686906591838e-01,7.196901426788258060e-01
2.271036090352774872e-01,9.856533889663410264e-01
6.199024048730692460e-01,2.327209147372187870e-01
8.048742197524723085e-01,9.463694356699730026e-01
2.717435466480074835e-01,2.501278434134445172e-01
3.013663039857231718e-01,5.488751472612195537e-01
9.322955341874739066e-01,1.922884432336843252e-01
7.819135235236476245e-01,9.905647748603296776e-02
3.617868830149351123e-01,4.372686751264422966e-01
2.507810809214681136e-01,7.844047670886644674e-02
6.356658936201878829e-01,7.826218547344176990e-01
2.784910666425375325e-01,3.275547806187057986e-01
2.106317276692855067e-01,9.743816347915834619e-01
7.668354346624207674e-01,8.094777004555804290e-01
6.706802897383183915e-01,5.206198585587517025e-01
5.577109355402796176e-01,6.865587987905646949e-01
8.518211711305613276e-01,2.399794604292180278e-01
1.639456969520736163e-01,2.654352465819986850e-01
7.024704996600232842e-01,4.165102282416042190e-01
8.851120129079175225e-01,1.049227623039316049e-01
8.659493722740367883e-01,7.712376898107494716e-01
2.194917557981576062e-01,9.845696855993062435e-01
3.296598496722960014e-01,5.929098701125690152e-01
4.129811538055772058e-02,7.092128204694969629e-01
1.185569788722851126e-02,9.706716780497962604e-01
3.479338117415552434e-01,9.729018140313302476e-01
9.905155578978664943e-01,5.013996740370734173e-01
2.661524819090714811e-01,6.007127250392824136e-01
5.191315360970348847e-01,6.006939323006194043e-01
1.883636585074595082e-01,2.546714672812150360e-01
3.810259922799693610e-01,6.837326033949353565e-02
4.792182640229789570e-01,8.033657322905248810e-01
6.783213866163633199e-01,4.099996840215219818e-01
3.878455871866396398e-01,1.619499722318120671e-01
8.802150897939408081e-01,4.488259304260666660e-02
4.375323558401416069e-01,2.248955514933426159e-02
6.329391568415606573e-01,4.230474945415425569e-01
2.633096945086972340e-01,2.618876746325132787e-01
6.549717188634810450e-01,6.323364929161312542e-02
3.728636893840164834e-02,6.684997233174826414e-01
1.954179163191755997e-01,3.757238268248878077e-01
9.854083994536194657e-01,1.945620071782726557e-01
4.515049709619597396e-01,1.479644179568635476e-01
4.614915358672544432e-01,4.810183629030744257e-01
8.300987577531033779e-01,1.063248652957368146e-01
4.305487382243459171e-01,5.271291509315920720e-01
2.856142963050942729e-01,1.604211641721160486e-01
1.537606154331334629e-01,6.303282462112390627e-01
2.440050407858330717e-01,7.453739016681160123e-02
2.450902677694725140e-01,1.194166768228210884e-02
2.069701367931457980e-01,1.451776745625378284e-01
5.096689866752804887e-01,9.694675077875961611e-01
1.142962436411392169e-01,9.801251203539781409e-01
1.275633090653083279e-01,5.333531673526396011e-01
3.510241839327455926e-01,3.069128004479634297e-01
8.236332731038342736e-02,1.344734570825635300e-01
7.287125118794622880e-01,1.011728990472958722e-01
5.971508957429897402e-01,3.339355069404229548e-01
8.245968777899996827e-01,6.373757472201585506e-01
5.313346215245714488e-01,3.202811250936815624e-01
4.703018856675252879e-01,9.055567533287368631e-01
6.105900993355546369e-01,5.051008793918898565e-01
6.669945290312941921e-01,8.578845037961647657e-01
4.737448201095604272e-01,9.369183699791344688e-01
4.938070078600583779e-01,2.436700991020226414e-01
9.248681052147594839e-01,9.993345055326643411e-01
2.385567382829505423e-01,8.337056072088865344e-01
2.948799562351496206e-01,2.919874647274925961e-01
7.526449313246575956e-01,2.893298197480824729e-01
2.090949498135985518e-01,4.215504542005557020e-01
7.543688649699895610e-01,5.359036599912954113e-01
9.306399404475966808e-01,2.190901648121994505e-01
6.958927450193416187e-01,5.682712330081121088e-01
6.931644635666140974e-01,7.421633797909441554e-01
5.700481329020415933e-01,3.122023730961127619e-01
2.647050032632652927e-01,2.034125646818125688e-01
3.834104129555225837e-01,3.183417091562401602e-01
6.817123058988794337e-01,1.044418846619588059e-01
7.699626244500619165e-01,9.972361452318834196e-03
8.399910322556396469e-01,4.669333735368090821e-01
2.116857508864077309e-01,6.574377062178260456e-01
7.939373282628980899e-02,3.439830344503330695e-01
2.215126277378732800e-01,6.498217489569603211e-01
5.506795969939193292e-03,8.878851531041979106e-01
3.460658674270832291e-01,1.938128470137060466e-01
3.895736461783382287e-01,4.504879423096774804e-02
8.805266818264990691e-01,1.532220144672232776e-01
8.156545864887370101e-01,3.824996253869472618e-01
1.733146334348560913e-01,8.002503955474471464e-01
1.172299693463767500e-01,3.071917662581180597e-02
3.342152568414133995e-01,2.164591609067860745e-01
9.938619635833030319e-01,3.274891881157937501e-02
4.167786766721751635e-01,8.963252635310997585e-01
5.276105759805559403e-01,5.987584280369847578e-01
8.728263420986237531e-01,3.685048207417592758e-01
1.413850065059509831e-01,7.953800828314450122e-01
5.883602886889262029e-01,5.546854846606764644e-01
9.811454984637072441e-01,6.877905839792363141e-01
2.776437364458809176e-01,4.848248368376446571e-01
8.867084485480857259e-01,2.763046575487287937e-01
3.224273453654757926e-02,1.139727596952593291e-01
2.259786529002942856e-01,1.779247131901154910e-01
3.870182339291677875e-01,5.134311696646333134e-01
3.578342856899340285e-01,5.787615770640354151e-01
3.170614687026428458e-01,3.313346007695280315e-01
5.764956289319235205e-01,3.790375184154670674e-02
9.311158990477019781e-01,9.808438226883731126e-01
7.490669116635066960e-01,7.956084121636017858e-01
9.827651451844939823e-01,5.512900713145154619e-01
2.142511420528320221e-01,8.173233552253600376e-01
2.645455391764062192e-02,9.045378791741599533e-01
1.057030766594068139e-01,6.920093919217317202e-01
2.605396553407325344e-01,6.948999827431020515e-01
3.046219448023957943e-01,9.429607787199206781e-01
4.374600807353212772e-02,3.754579502300093852e-01
1.636846069483238741e-01,7.137790477131392697e-01
5.845929451179087133e-01,9.004622720870218977e-01
8.162189883938300028e-01,9.491556387775771375e-01
5.926795605499869390e-01,6.611555022852043662e-01
1.474883872525170059e-01,8.471732239003674225e-01
1.270841008119207860e-01,1.056392158777785806e-01
7.326299718867748112e-01,1.503249734762746037e-02
5.617851903614985432e-01,4.087177360220910494e-01
8.675995176798847464e-01,6.413754314155246661e-01
6.851275168355219769e-02,3.907898098651337859e-01
6.143363746738742526e-01,3.425267422489268743e-01
1.289825138618062583e-01,1.653156116858800484e-02
3.359366764918468862e-01,9.407157749290377957e-01
2.370950939004975444e-01,1.991197735299188309e-02
1.637809925693469726e-01,6.049458389165013328e-01
2.503674977771480625e-01,8.680849623686792693e-02
4.217127332426536812e-01,5.436604190798030034e-01
8.527193985078869165e-01,8.381968449537353649e-01
4.871237194211707200e-01,8.224231850121930254e-01
2.314647597690395742e-01,8.202866068735159555e-01
7.929246807901673133e-01,7.344466703727654533e-01
7.031879524321590358e-01,9.459118476229111394e-01
2.018039343724112866e-01,1.083870343728774444e-01
7.800807212378912947e-02,4.635372621550732930e-01
6.471431677764921675e-01,5.944170496869444209e-01
1.665625155407194358e-01,6.240693159243686505e-01
6.069674019012439858e-01,4.225762355218217747e-01
1.847685124151011715e-01,9.234684610656853643e-01
8.841273953592013735e-01,7.625662579961391963e-01
1.760216977842246067e-01,3.693541803138902235e-01
7.574926418722571775e-01,5.261396411175754961e-01
8.335018382203485121e-01,7.364381069482009989e-01
4.394390762639768244e-01,5.853138427425724766e-01
3.064437899323386727e-01,1.953441079410400683e-02
6.026772268634797980e-01,1.696032158266314038e-02
2.737019685640668110e-01,6.235349216676211448e-01
7.168894805342865828e-01,3.124554076381924617e-01
3.993449521310141748e-01,8.957560119662052456e-01
3.097716407312218756e-01,3.588640464736819746e-01
4.032531782378087071e-01,3.677621042276667529e-01
7.937196534978098184e-01,8.895026614749504956e-01
6.050075308344061709e-01,4.059877892497470997e-01
8.968259750495769511e-01,7.462409697223887362e-01
1.645886447298791078e-01,5.674891276140902052e-01
3.938545776667758958e-01,2.729795739277202093e-01
6.643743380369317997e-01,6.642157920807709726e-01
7.494642967064304440e-01,4.218661011603963562e-02
5.926346695246241802e-01,8.731888055783685321e-01
8.887367843913035470e-01,4.737898417486415825e-01
8.093826499754545045e-01,4.641248367852061074e-01
6.611061670829991854e-01,3.326333241048390343e-01
6.983552497285309135e-01,9.775887403870416881e-01
4.062587759894963346e-01,8.435339025143577807e-01
2.639435621041950064e-01,4.256974963272963652e-01
4.643292406761252433e-01,4.878683757121193842e-02
9.435782307593456597e-01,3.831253533654245258e-01
2.601834530446558436e-01,9.990385807431161336e-01
2.447785594852671665e-01,2.102685461027139491e-01
9.300365875942252503e-01,4.962182185314820693e-01
1.295129244191726148e-01,6.913258665415235038e-01
3.857232972293415108e-01,8.950497101065625349e-01
7.732121594954550758e-01,6.193033190453202108e-01
6.654578721984290013e-01,7.002008609896966940e-01
1.453948083106859634e-01,5.972540755715157745e-01
6.858366308145537049e-01,3.076818758995446546e-01
4.526165551417479227e-01,2.032354245787042490e-01
1.799649654885604466e-02,8.838977604205117133e-01
6.069629219654415486e-02,4.619425919470663278e-01
2.851477110166589224e-01,6.833732443657233313e-01
5.424211216388055146e-01,8.917068345448645461e-01
7.788571742579606383e-01,5.564404623321910215e-01
7.518375169993152252e-01,9.274773998671471675e-01
2.989771141203847460e-01,4.503301535650248155e-01
1.271483466226921433e-01,6.156111595093425315e-01
2.482539242550606540e-01,5.876814082297660002e-01
6.877499419465495922e-01,8.085135901978477424e-01
4.598613292610265191e-01,8.763712585622426277e-01
3.190868139156531891e-01,2.378819584543444554e-01
2.624766134395277728e-01,6.512174412365385745e-01
8.882652521578284777e-01,1.719948384492113735e-01
9.668992054773605238e-01,6.912609944807267537e-01
2.865495461898570628e-01,6.884986205644852975e-01
1.361419134981739498e-01,8.325139546319193506e-02
2.244817100284812739e-02,2.065392083474792972e-02
9.775609685205531862e-01,4.777845364685616714e-01
5.545451402166508004e-01,3.449991723897289919e-01
1.998435677890226803e-01,2.686813080363209538e-01
5.612056397237950023e-01,8.878967527347465527e-01
8.439286488396627872e-01,6.633114283753743790e-01
4.494753471268526646e-01,8.850825753550769504e-01
3.707563533449770299e-01,2.860680781945340589e-01
3.260328430288115253e-01,3.734187359226097680e-01
3.763071574858256607e-02,3.530229264287189084e-01
8.435271996579086773e-01,3.616691216832250699e-01
2.007452889572478583e-01,3.802330671429035025e-01
6.048527576797229077e-01,5.579093098573757459e-01
1.789342935975256621e-01,4.223176628717113523e-01
4.795723027244506165e-01,2.389148688028902567e-01
7.417623614207112803e-01,1.929766855801671177e-01
3.357560629466678215e-01,5.583999180301871812e-01
3.103658019601215345e-01,6.108745462921246761e-01
2.841792402763939629e-01,4.051264760463131331e-01
3.095233087039892528e-01,5.206906925036821621e-01
8.525189688906299468e-01,2.137814329769017752e-01
9.949650789378088334e-01,9.061961634796743548e-01
1.548888046576033517e-01,7.808051030791191005e-01
8.525251350126513694e-01,6.208240511284986995e-01
6.443194121076636360e-01,5.864834551026547604e-01
9.546826658837924695e-01,2.770187799873332635e-01
9.689623825579350980e-01,4.986372988963981845e-01
1.414021719562376100e-01,3.596105785986651870e-01
8.762059827919999044e-03,9.248899777570327441e-01
4.044884364202744331e-01,6.273328855199316045e-01
3.870450254022848036e-01,5.244229899884502721e-01
6.510398214720686250e-01,2.998092125614485459e-01
5.826087074281788292e-01,6.184321839644195684e-01
2.037720025878424490e-01,4.681840714055131025e-01
1.083494576919435959e-01,7.396965227612812832e-01
6.764805171352293867e-01,8.523916874918000541e-01
1.434756969574036978e-01,8.874021428220039143e-01
2.619536606467354201e-02,3.493096043106657111e-01
6.528783802006039583e-01,7.591540629375420624e-01
3.438578100612111887e-01,3.895216659383744506e-01
8.917698698728299123e-01,2.082607196422989748e-01
9.050785636129623501e-01,7.807729891990288218e-01
5.196046236501501436e-01,6.952338980752396091e-01
1.886094769707045149e-01,8.613097378578128405e-01
3.525650464594684008e-01,3.904943824302131716e-02
