6.851344201341869056e-02,3.943091531350711998e-01
2.971676648829273404e-01,1.751442699452271379e-01
5.654499445202439967e-01,3.258392320866817515e-01
7.108943360867409078e-01,7.367925493691239724e-01
6.116979660667151153e-01,8.068247149938239104e-01
6.554544623206404186e-02,9.883272668158572527e-01
4.509628309696860349e-01,2.434701114008613887e-01
8.839309580577664471e-01,1.706940092869420056e-01
9.247529093842128400e-01,3.960757467695990020e-01
7.231498076568363409e-01,4.181607378357654614e-01
5.703858071205514246e-01,4.771468844248835106e-01
9.053332736099861666e-01,4.844724407212914752e-01
5.958976045071915362e-01,7.154169062846299498e-01
8.209502470554095321e-01,9.180452559288209136e-01
6.253366253235560501e-01,9.891100187272603428e-01
7.201156044764396302e-01,8.470134693912823032e-02
8.734996267893359034e-01,8.506398528898295730e-02
5.650477995395397635e-01,3.131763126757208804e-01
4.006258451978864654e-01,1.677878661418652495e-01
6.736362826608456311e-01,7.893793653446298242e-01
4.698513141566533768e-01,3.276094178097177512e-02
2.932163510249046201e-01,4.182844716449689582e-01
6.589656176175912039e-01,6.584491324852533856e-01
5.493187060861395299e-01,5.575525843441508922e-01
4.165443774837015445e-01,2.513709652744935408e-01
5.578788307523813161e-01,6.264770555174256073e-01
3.692639933184774792e-01,1.169134208140936160e-01
7.957114508133487085e-01,2.076684337924473711e-01
3.808912215245803257e-01,6.168365718143548060e-01
7.284528588864562781e-01,5.344067117254697186e-01
7.692472839318907907e-01,8.469296795500114161e-02
5.211719118892605973e-01,9.339028793877224288e-01
2.454710404953475145e-02,8.984458316353762797e-01
7.054483083839390156e-01,3.016506769654683229e-01
5.905064212782873412e-01,9.799858878757037317e-01
9.042122832267361909e-01,7.505264481146752820e-01
1.125759683091904773e-01,6.476688749927455024e-01
8.223107460568637173e-01,2.871886823160119118e-01
5.484815513390626229e-01,4.530903953947652552e-01
8.110967164397167029e-01,5.138996166965388301e-01
9.539597796670132857e-01,3.994334874337071017e-01
1.974258914593880476e-01,6.407838665323136729e-01
9.995501617644676484e-01,4.283822386516612513e-01
2.776348041759435503e-02,3.697375969913070382e-01
8.032616438170535611e-01,9.607136059497574099e-01
7.249332170806578324e-01,1.982399917084399776e-01
8.408092775324449430e-01,5.852488040961121296e-01
2.203497441917678934e-01,7.009335997241143978e-01
8.002187394391890862e-01,1.574500035859799363e-01
9.129200604943489283e-01,9.946889298067141949e-01
7.361424513737865327e-01,6.999579109103520880e-01
8.978566154047240566e-02,8.959059837022189665e-01
8.863229712622864298e-01,8.097224225731745051e-01
4.237990918350958980e-01,9.307073339530849143e-01
6.205695162498783279e-01,1.069576318580152119e-01
9.963357585490972834e-02,1.807891673175743286e-02
4.999690432667089901e-01,6.196302375591208333e-01
2.785526909244657734e-01,5.493806362427621215e-01
8.676958270298651410e-01,9.718722898105144337e-01
1.150172406623487520e-01,4.173289252058427490e-01
5.634748349694492786e-01,1.778967797379047422e-01
5.453613548005840084e-01,2.024102708549890828e-02
2.188208992845613876e-01,2.620623229382903485e-01
1.923310028868450150e-01,3.716982136561673977e-01
7.153308014780492829e-01,3.771355477077775742e-02
6.943315677216010950e-01,8.273286065807395895e-01
4.579415221900168254e-01,1.722047894037234128e-01
1.646312870068828982e-01,3.679163049351494852e-01
2.622535877628544565e-01,1.206356917882529523e-01
4.120182814863875276e-01,2.250442063749835686e-02
4.414452594539747254e-01,8.975908662308318409e-02
3.034217698617599490e-01,3.662440401876363438e-01
6.486839360303831015e-02,6.517912118221530493e-01
1.818336330980021565e-01,9.945504713609673031e-01
9.905312737266240841e-01,3.012226154366954844e-01
1.878364081980348210e-01,3.778972899566149790e-01
9.929213307662637655e-01,3.247286285472859024e-01
6.298691748914105881e-01,8.822871510891814317e-01
7.052312978732111493e-02,9.004259457679095746e-01
6.041544542812671281e-01,4.704923679880153031e-01
6.779054915575221107e-01,4.962649415611031234e-01
9.016023519399496422e-02,9.363317457121435039e-01
6.240058534344071761e-01,7.915406033980161293e-01
4.585939241077860995e-01,7.480651374087639027e-01
7.936899803549624099e-01,1.252606179601579717e-01
2.145429467606935203e-01,3.247064017235080646e-01
3.790208415891638261e-01,1.913859791526446585e-01
5.430343516358396849e-01,4.610710628759774332e-01
5.582162435935946743e-01,1.186738387785571947e-01
5.276459290949045977e-01,2.960648430564827294e-01
4.787777927441387860e-01,3.899601085657831145e-01
3.588614558207803285e-02,9.354012351063065722e-01
6.318322202921177189e-01,1.917481732521282289e-01
8.027531342917058055e-01,3.246146696806224696e-01
3.900946563499783082e-01,1.813876291924123585e-01
5.491911840485008689e-01,2.266428584979243155e-01
1.192807465115731658e-01,3.307870920711484253e-01
3.181314084990430890e-01,7.367927210958473694e-01
2.102817220575626811e-01,7.455196953228800938e-01
3.483249946410307274e-01,1.556515228376257332e-01
