5.831680380672829012e-01,7.296884264309135837e-01
7.110103050752509812e-01,7.672091957408533336e-02
6.699016271680919843e-01,5.505388447800835250e-01
2.161246792458501043e-01,2.651388879388334452e-01
7.094513325892038980e-01,6.798024115621882357e-01
1.673716883692835111e-01,9.753215596409148258e-02
4.831186093953917515e-01,4.286908355306013885e-01
8.748124041641289761e-01,9.465427701056604581e-01
2.387937747014315937e-01,6.141593631131700981e-01
2.623814656047780414e-01,5.355165005202643380e-01
7.745671740204141953e-01,7.227547414860724384e-02
9.101339018632462752e-01,1.158581939874906430e-01
6.725638980101847908e-01,4.538607813836218474e-01
4.470664992376983671e-01,6.257518485426802890e-01
3.754224107743627803e-01,3.256350071001682389e-01
1.217305680440825544e-01,3.642670040456001956e-01
7.396793648782628017e-01,3.486740904012994857e-01
1.801280902838210407e-01,2.131092489698932502e-01
7.914691681215014762e-01,8.321437250528117557e-01
7.023273098601278130e-01,9.395346212342838843e-01
2.667453273475550724e-02,9.096381823856243276e-01
1.493125359246416650e-02,2.175359488280370623e-01
1.096773145595161258e-01,5.314219031869416021e-02
6.582097155302738534e-01,9.582217015152860728e-02
7.795880806795923990e-01,6.623027420722443770e-01
2.988797440404632466e-01,7.264667438914262920e-01
1.188351002669585377e-01,5.913319878888055880e-01
1.471391245598974162e-01,4.909620195084419825e-01
8.002360546491492643e-01,4.294251004324243226e-01
7.908162805530205564e-01,5.097715973879303197e-01
6.660261667895316373e-01,9.284155205504054376e-01
9.408574982142118293e-01,6.163415692540080704e-01
8.455401310114324387e-01,8.288302947034305035e-01
6.402371907847150823e-01,1.870853445521659664e-01
4.321931890746293359e-01,7.168824405334938143e-01
2.167499035380119343e-01,3.136315006977454800e-01
4.577911164494826712e-01,6.713818126144132092e-01
2.974749856757632482e-01,6.755315046357364128e-01
4.275656778440952710e-01,1.357996499675929725e-01
5.895106766674652610e-01,7.228618967042312882e-01
9.031513956979299040e-01,3.254040751744485815e-01
5.951753201674836458e-01,8.283163015440515586e-01
2.051826244231469420e-01,8.582414297610591047e-01
4.475965071491305736e-01,6.829346128139639482e-01
8.116903010266147689e-01,2.410038898134144736e-01
1.245737542014901944e-02,3.832774131214522484e-03
9.077974439753760949e-01,1.652099520143535116e-02
9.645752178351354456e-01,7.177095379506315265e-02
7.266426106859898981e-01,9.070788456985483528e-01
1.520004965684567111e-01,2.151647156336841116e-01
8.191006059204684053e-01,8.762018166210783221e-02
6.495787045833169016e-01,7.843401660281045240e-01
6.246240363269220941e-01,1.277849785864508814e-01
8.765232196100036788e-03,1.186081326945875869e-02
2.542834157489584079e-01,4.836201756532043650e-01
6.439277557668415808e-01,4.118162278942750776e-01
5.936344755936662221e-02,6.387998671157395503e-01
4.020438702318591684e-01,9.011419425952726936e-02
2.434052440592876509e-01,6.395724661126380717e-01
3.919332224226488304e-01,3.114794768404631764e-01
3.021122575884602757e-01,8.958673282101674573e-01
4.729951486168911812e-01,5.726016672034776045e-01
2.242849453940853888e-02,6.496593421485247211e-01
8.711669673369715206e-02,2.578540489096216026e-01
9.914529921269081836e-01,7.471461991044719975e-01
3.224276867076272257e-01,3.355099459463939393e-01
5.534593807983185787e-01,1.871150704149523447e-01
4.786292279000381455e-02,4.567067290429589477e-01
4.880147756063122344e-01,2.481390327414579877e-01
2.920952911777966454e-01,9.081628694577185135e-01
6.734078153727485194e-01,7.510404094526670349e-01
2.512382518223084116e-01,5.444388972497100632e-01
6.967813456425591134e-01,1.399046094616300806e-01
5.698920650879342187e-01,7.723049112466285893e-01
3.651063115725727837e-02,8.782248226733895269e-01
9.100914394013726039e-01,7.539873915682382410e-01
8.144008707010224057e-01,1.280655930670157039e-01
9.708514943854815726e-01,1.835268286350794087e-01
9.041288290467425215e-01,8.747117821205155908e-01
8.054126889694553926e-01,6.926727501666836151e-01
4.801594172734763299e-01,1.614365289345898180e-01
4.405580147680965286e-02,7.510177027705855490e-01
6.201165159854680198e-01,3.411948179695896144e-01
8.048562027303904909e-01,9.358738966826896100e-02
6.206163578336233444e-01,1.009096543707629356e-01
3.005072423136669890e-01,9.487112981170259252e-01
8.524147830376033186e-01,9.609531671717107537e-01
5.574366183638629346e-01,8.724220178228953015e-01
4.092946554309808693e-01,9.355555908876456161e-01
5.763145077995007748e-01,3.973601605976506690e-01
3.453163649143784486e-01,6.550300137626056118e-01
5.272023530410278047e-01,3.404659466716543070e-01
4.044224344361685430e-01,7.135370208817621851e-01
3.106911317255892646e-01,8.986175358612110697e-01
2.517976837761346509e-01,7.626313507134263592e-02
9.724935755059210818e-01,5.093061487671863841e-01
5.627835989345966183e-01,9.153767064019202593e-01
7.344463931138359714e-01,9.632753811783413278e-01
4.353130432461359556e-01,9.254956213862172154e-01
6.010319860247970158e-01,4.780080677150253532e-01
5.935536105064377344e-01,2.830332094489081962e-01
7.115858305380476923e-01,7.454304179816807485e-01
6.887235877676256557e-03,1.317022041577631253e-02
7.741220609035335265e-01,2.435866255602913144e-01
8.836427347366776486e-01,5.805134341411510857e-02
1.329272630334554783e-01,7.094624059776436509e-01
7.998355587299884606e-01,6.656230297914110805e-01
3.831336101174788178e-01,2.900144602393776028e-01
9.059006634340437403e-01,8.274770113950112860e-01
3.733745920328518375e-01,4.593378671039999306e-01
2.150333408228365384e-01,4.704949138863789848e-01
7.651856740073748053e-01,1.523401726842592563e-01
3.154869072498702742e-01,4.718733396350796028e-01
7.531007560216975705e-01,8.559728973666451690e-01
6.986390004841162016e-01,8.131805152058133590e-01
7.965428191281404002e-01,4.349014809043131313e-01
5.896988942140062306e-01,1.851877964377474095e-01
9.639640117512312534e-01,5.107275541216368397e-01
4.745031280367412174e-01,6.294600135056106494e-01
6.622357238194014339e-01,2.327462599993167514e-01
7.995036088928072493e-01,7.391422602976520650e-01
3.507591160001740649e-01,7.165675631670904711e-01
7.047612225518231632e-01,2.047768900436133244e-01
3.267858581522261607e-01,6.062026457217983832e-03
7.043893180764794204e-01,1.857213438902280966e-01
3.632747390646072772e-01,5.042717723038886435e-01
7.900789852569246596e-01,7.112073924632552613e-01
7.822051297244717594e-01,4.388755479020048922e-01
1.409847734023850219e-02,7.976823654392228846e-03
1.964932218597196245e-01,6.989304665018327700e-01
5.687741653151814347e-01,7.324910506105613006e-01
5.842928360112747965e-01,7.604826013545271657e-01
9.445852961535284864e-01,1.061313597110424833e-02
7.541625571131063133e-01,3.857051625123563143e-01
6.444441540454486361e-01,2.957519152209505675e-01
4.731377665840952318e-01,4.414719294723934429e-01
9.913121429053319833e-01,7.935447910863435705e-02
3.792465753545940510e-01,7.217126073829226440e-01
2.488838565972186778e-01,8.549842001436164241e-01
1.311188274312582447e-01,5.798970595037595821e-01
9.629148141987268206e-01,2.756978663320152068e-01
2.858334280651031456e-02,7.820089933165308427e-02
6.176456177608727893e-01,7.475435929938702984e-01
5.820708309660790336e-01,3.721811052055595814e-01
1.116353773140474903e-01,3.416131585026367379e-01
8.594257200669341845e-01,8.915383465542381369e-01
4.324403323322933979e-01,9.473556598556374109e-01
5.556987083034081731e-02,6.560551753636706396e-01
6.544469021806331721e-01,4.367634644090184759e-01
3.397699022938404090e-01,1.248562652964444464e-01
6.994910624428003487e-01,8.367658228525902686e-01
3.759179955418068264e-01,8.441956449308098964e-01
3.760345879355916354e-01,2.584695876002990333e-01
1.801834054819043685e-01,4.327470878027501744e-01
5.282872767069024533e-01,7.579612080978493927e-01
6.950795413759196517e-01,1.446945753342840923e-01
5.551692410501724018e-01,8.790713843027925245e-01
2.403304530690375529e-03,2.741817766154515112e-01
6.254689366375500992e-01,1.881416227540628761e-01
2.889220933023020077e-01,6.217557972198585192e-01
6.285513133234610361e-02,4.254864508823339442e-01
5.829690230918512794e-01,4.575752533160239999e-01
7.139054216323043045e-01,8.564065665932096838e-01
8.501739593054924438e-02,8.254289421117102510e-01
6.278689249037459064e-01,1.890705966640551239e-01
7.985800751972961242e-01,7.180025404408207912e-02
3.102099337796759837e-01,3.170241620766278690e-01
5.544040629381584706e-01,9.123413017951428339e-01
1.281285696360739967e-01,5.253715185509337804e-01
3.344401477864197281e-01,3.579087022671990637e-01
4.385297450390379659e-01,5.333880786006958141e-01
7.273227518783925705e-01,9.542910188584534659e-01
9.480558916095527255e-02,6.084718324202780249e-01
3.530458187648584101e-01,5.721695619172250113e-01
6.337952800780732865e-02,3.130335766884275728e-01
2.990182632098120630e-01,6.496715747954135978e-01
4.604068052183823978e-01,2.085334687559249334e-01
3.283571250056585011e-01,6.166102618016676695e-01
1.020287114450606492e-01,1.196399729485472241e-01
7.921494622642966110e-01,2.907780685251902808e-01
6.100544474222558966e-01,1.413919585046526928e-01
5.588669049539256584e-01,9.585379636578306162e-01
4.782131284932341631e-01,2.644255064677433209e-01
7.699554650052575777e-02,4.951992508388618486e-01
7.493996664452715617e-01,1.391334217947741703e-01
7.371127922159471657e-01,3.598627230081693495e-01
6.513208570740505188e-01,1.873658684478429759e-02
2.416965453930880470e-01,4.640113964024072946e-01
5.639089601614113434e-01,6.074245970497527125e-02
2.352776065845058051e-01,2.446323798794061144e-01
3.954834696724617293e-01,5.807024430736117404e-01
4.742071783705423815e-01,8.012794928729838340e-02
5.850666826113223307e-01,2.986162560497855889e-01
3.650808921946058216e-02,8.389605654008355229e-01
3.798405809714220371e-01,4.332275719508346112e-01
2.329203625699316493e-01,9.243818315539142905e-01
5.130256826549863813e-01,5.709532549631368692e-02
8.715449417664444809e-02,7.151177994935837834e-01
2.763131905581615033e-01,3.738857996751802082e-01
6.754512663713484466e-01,6.575871837737902181e-01
6.662988215832508221e-01,3.820413693663374799e-01
9.745109331928230034e-01,9.244802904440141411e-02
3.968634308722351900e-01,2.751821166708755539e-01
3.881369296455972062e-01,2.826676230929189293e-01
1.678080020516908855e-01,8.869611338885997620e-01
2.058997998548736108e-01,5.119021163884728276e-01
5.155912790436516513e-01,6.924619162599672251e-01
9.029801573458487995e-01,2.068278868752920774e-01
5.158350806359817131e-01,1.786685517115605970e-01
7.272845238783063326e-01,5.176633872802416381e-01
9.789327690723576003e-01,7.662862992527627037e-01
8.477322776146332117e-01,9.328648521206555078e-01
2.299680684921190377e-01,5.479439695743864025e-01
8.219932823288713664e-01,1.648852873912841632e-01
6.260137887464032325e-01,4.433264480894072435e-02
5.263953011672150017e-01,4.948554351636749171e-01
2.967173804750630195e-01,7.808552501421776038e-01
3.420813622034334367e-01,1.652978386461672056e-01
8.544660384334585856e-01,6.263823285600124136e-01
4.764161316832401516e-01,2.127285382966356275e-01
5.837008052449031981e-01,7.182016389493395270e-01
5.220849802283988872e-01,3.024910454539017080e-01
6.258766932115600312e-01,9.608023846820878955e-01
1.413709818998768464e-01,9.148292583678205858e-01
2.018024927049655304e-02,5.188883798548497017e-01
9.539297050256594357e-01,3.328319308483717043e-01
8.631098553591419753e-01,3.456277304995996058e-01
4.556551315803493152e-01,8.980633772792450120e-01
3.042450288646134648e-01,7.216709158158171045e-01
5.336326906780264334e-02,7.686378305517601595e-01
8.802083256924461141e-01,8.533912246664091539e-01
8.893153689200542500e-01,3.968261418424098297e-01
7.937307656929281086e-01,8.973146625928936082e-01
6.233997352319876617e-01,6.818982011415264388e-01
3.622724136556387808e-01,1.096591589278983481e-01
1.836200160912273560e-01,5.782140358978272721e-01
7.835846138627908797e-01,2.735892119309790704e-01
6.522638037266714761e-03,3.498241365442331663e-01
7.009086434848130764e-01,1.369117056915659658e-01
2.224344402434378365e-01,8.084102110355031456e-01
8.638979903473060773e-01,5.506173356195741553e-01
9.111685032877810952e-01,1.504789014009718651e-01
9.760036395459845693e-01,4.367245695164414521e-01
1.053130951152326800e-01,2.887579854618835817e-01
5.462824221428502769e-01,9.522344638194216726e-01
9.543646727936064833e-01,6.076507841053394587e-01
9.229752335619760828e-01,5.177538690807140798e-01
2.184629664203603383e-01,9.286504363301274489e-01
5.099078989591240285e-01,1.762505141812237275e-01
1.724686211746723208e-01,6.066961897602557441e-01
5.611633939488922529e-01,5.724678826287205036e-01
4.217931875848105472e-01,5.525881908266568887e-01
3.830199368180371433e-01,9.735974500600892423e-01
7.306058138390725265e-01,2.007335638203098238e-01
4.946307024769569516e-02,6.196728570813082593e-01
2.784070017634777683e-01,7.755777916514964287e-01
2.883028120081273515e-01,1.172194831655899439e-01
9.894570611915100011e-01,6.860346898723809206e-01
4.561002558626274794e-01,2.588509951108854956e-01
5.297945040542083595e-01,6.293545432602909440e-02
6.693218166609375963e-01,8.999185393602272542e-01
8.884137847564668178e-01,3.502178251494303396e-02
4.872677128591510476e-01,1.574412711221311323e-01
5.676928012074201613e-01,4.388193799286305152e-01
2.589769795148769704e-01,8.854259573822893525e-01
8.033197252915338371e-01,9.696460619875212350e-01
6.772827107147975090e-01,5.445556025980821113e-01
2.199769272753516747e-01,8.358913926252183879e-01
4.021300928200913782e-01,8.216999250692573753e-01
1.998667472117441335e-01,8.707462502749307998e-02
4.365262941306329303e-01,1.900356361361770219e-01
8.196025482173088239e-01,5.734078971368576916e-01
4.813370884236288783e-01,6.195904353865976377e-01
8.989144688099962588e-01,5.167574731487190043e-02
9.959121041809948505e-02,3.883173472967000883e-01
1.035523994124716296e-01,2.560690625212820315e-01
7.885850409359832502e-01,2.542844202213619953e-01
3.379961342084025766e-01,3.913288207410504649e-01
6.005761527358474128e-01,8.357337917387549497e-01
3.726205522487142652e-01,6.997893146722755642e-01
3.676920274097031927e-01,4.894657021804806885e-01
5.150334616968291757e-01,2.337380432724608381e-01
5.624439585784316575e-01,4.906094986460611818e-01
6.020739020377350315e-01,5.774671104946109690e-01
2.583474571978384704e-01,5.216844817826327141e-02
8.886779602097982789e-01,3.282784441543011855e-01
9.183452657928280471e-01,3.587129269344480065e-02
2.956917435252104376e-02,7.402971598188212710e-01
5.908657958278429323e-01,4.534976873218883320e-01
9.032258065007637837e-01,3.687827193938780779e-01
9.801916047831252810e-01,2.263058777896306273e-01
5.526725372124119406e-02,3.911029572528731402e-01
9.646687224694047158e-01,8.305074267883061356e-01
6.377897578137725620e-02,7.853752483685335628e-01
5.106417547777959420e-01,2.457275983129015851e-01
2.066810624136089514e-01,9.474005399767257973e-01
7.505704072742276356e-01,2.570693131860375402e-01
7.866767968104333431e-01,8.278240534351994917e-01
7.611650346240375065e-01,9.621085605441854760e-01
2.933436363714336803e-01,8.016397459671922299e-01
