5.194211989965725751e-01,4.275318135219152715e-02
5.255092584799194722e-01,9.725473027111513069e-01
9.357033938706564857e-01,1.286821271672063949e-01
5.402966730112296334e-01,7.539856367880750643e-01
9.424405201720561509e-01,8.200593509904163803e-01
9.873425905605436315e-01,3.547956850228053405e-01
1.907669149605213388e-01,4.991766632436632767e-01
9.501375834664940179e-01,5.770180001199524122e-01
6.379869564678034566e-01,6.299210474094260048e-01
6.111174462535223784e-01,8.757653663126466759e-01
5.198975019983238521e-01,9.776328471610846726e-01
9.456622652416368791e-02,8.916867499543935649e-01
4.511739022488702178e-01,6.211219421648608296e-01
4.494344193001429399e-01,3.825619673031277479e-02
2.186522054649944202e-01,3.988481971965550654e-01
4.175702888691027459e-01,9.186619717094043347e-01
8.393287416716601612e-01,5.482253684655782333e-01
2.147767194248071387e-01,4.974761504234097576e-01
1.479448973601241724e-01,9.683626050606346514e-01
2.964162543715265219e-02,9.741966719936410168e-01
9.189261304169217270e-01,8.014156613644334293e-01
9.529378579154016427e-01,8.586812396444283291e-01
2.734742374524326003e-01,2.986323472863583461e-02
9.941235182259190450e-01,9.408902631347316747e-01
2.102543120560751433e-02,3.791939362112917156e-01
2.466828578380731996e-01,4.016440513090078213e-01
1.581855725651288846e-01,8.583466239555083144e-01
1.572444028313535469e-01,2.170767455576244620e-01
4.658766089904702312e-01,1.963312136484481885e-01
8.268543328576977158e-01,1.847687239782691559e-02
2.952615697680495144e-01,3.500173244448434584e-01
6.590214117884664047e-01,3.852393570379913923e-01
6.927417816744654289e-01,2.350201802097373616e-02
5.809244800275901177e-01,4.728253449243323692e-01
9.885721071716702113e-03,4.815639904974111651e-02
1.619830282231522478e-01,8.667477149238693723e-01
1.290036293630641984e-01,6.872837068348384149e-01
1.789230574929526751e-01,1.317065908086733073e-01
6.932768219162469547e-01,6.475632873621661734e-02
9.530452668746252076e-01,9.307242154921163690e-01
1.700229302653705199e-01,7.329052901089107008e-01
5.031985143306643149e-01,8.683380086545242627e-01
7.580848180820745075e-01,6.318682686981536012e-02
2.953692767868359992e-01,2.561551924814446934e-01
8.459162349305501261e-01,6.808474590632292989e-01
5.152907470273957458e-01,6.962676335051102283e-01
8.595135295503826267e-01,6.572543416157071716e-01
7.729243381124758505e-01,7.856467546487152509e-01
2.386686177942070053e-01,6.783878108065285462e-01
8.338296825840391113e-01,2.735120981883212288e-01
7.450410730627905487e-01,7.825413205577033127e-01
5.872809661987934415e-01,7.890313543436352495e-01
4.849158157874096098e-01,4.559063973642170087e-01
7.806515076894926519e-02,4.997421070066074833e-01
4.032200728237300691e-01,6.058877450661870334e-01
6.335707821766213277e-01,4.596482394144362216e-01
6.839264831168350156e-01,7.154466368159191347e-01
1.377361005828040552e-01,6.024793731194781898e-01
7.486001469105866279e-01,8.494255606186659202e-01
9.830539162922748986e-01,6.659795908135935916e-01
4.855885489544227163e-01,2.769180972264041474e-01
3.172986118672601608e-01,8.108390836619283615e-02
5.146421441546550346e-01,2.329818481097690741e-01
1.471865921751155382e-01,7.936034339741993016e-01
4.177266216203522342e-01,5.182198134982863857e-01
4.656626138589430308e-01,1.050606957709744327e-01
8.508444873901427341e-01,7.946837333467647868e-01
4.267248838164883207e-01,4.876675011598482490e-01
4.999707520110696635e-03,8.911706223176734110e-01
6.380253932194028810e-01,4.248477972044222284e-01
9.618676818086572267e-01,2.661174018697459731e-01
9.966817625417977444e-01,6.023144469173460358e-01
9.791083079624364194e-01,7.138940947314724728e-01
6.862405133095561549e-01,5.875616540258218334e-01
3.318555186035708759e-01,4.285233758128907944e-01
7.334212637549141212e-01,3.470483317968078296e-01
8.689255699714296677e-01,3.560625716454685064e-01
8.227339726477880255e-01,7.066681561642116360e-01
4.775750479221955169e-01,6.912673399623930903e-01
5.989822112881028060e-01,3.673184035087482258e-01
3.758839353339731293e-01,2.496810852662290081e-03
3.220849287476796885e-01,1.736008678829902285e-01
6.269787351067951375e-01,9.637739136055369915e-01
4.687250671098187604e-01,8.862178473717585714e-01
3.864048809210649527e-01,2.261731874600494407e-01
5.636701432351339802e-01,3.375708912276509377e-01
6.883120069446827527e-01,1.829445123466714174e-01
8.670453647481437542e-01,2.272970370600105872e-01
4.251902626045962474e-01,6.242505419839150527e-01
5.057748632783413134e-01,3.963643865347714623e-01
5.062536075364099108e-02,4.297309809797478231e-01
6.010708723746717164e-01,6.888472602818419555e-01
1.828108764107732043e-01,6.477129043126661490e-02
9.062083361941475346e-04,8.248800114280013807e-01
6.741507387583935973e-01,6.860875066419414026e-02
3.474599603669809023e-01,8.807175488123266671e-01
3.176573136022264876e-01,5.701265260253246536e-01
7.796841500882846221e-01,8.976193569478545520e-01
1.516788113027559559e-01,1.582057994171626181e-01
5.234116683557333838e-01,3.206880001578346073e-01
9.278526006774087120e-01,8.881115941596620100e-01
7.553598334254285618e-01,5.896769427595907054e-01
4.671408300272564817e-01,8.040167429111921837e-02
2.032089304367320493e-01,9.671238737388314632e-01
3.604786587954106336e-01,9.484585185858146472e-01
5.349851240359699833e-01,6.743686510074138329e-01
6.596920688742746730e-02,1.731835497640030752e-01
4.794424992684759301e-01,5.747054642119540091e-01
1.339589407515537900e-01,3.207790058193008553e-01
5.376084207319734576e-01,4.865824817814988767e-01
2.041677114880839916e-01,2.302470851019714493e-01
2.700610429507822596e-01,5.961966188164979918e-02
8.377570228273878428e-01,4.210052258983950635e-01
2.594212215320333970e-01,7.819662710100108161e-01
1.385257120391266694e-01,4.023036326098795579e-01
2.081992113820028134e-01,1.481513494936529396e-01
1.356205433441753927e-01,7.319978077437103714e-01
2.093225050762597128e-01,6.194396504094173972e-01
8.013697941188061558e-01,9.310657254300983565e-01
3.595406439802731891e-01,6.665720728749376933e-01
5.855123665803492194e-01,4.019649732090286864e-01
7.432354124177604771e-01,7.675238117166623963e-01
2.674472036157623522e-01,1.475206367023175202e-01
7.439549391906219444e-02,3.947810540163494419e-01
5.453720578571806810e-01,3.154588913480195211e-01
6.854923581689487122e-02,9.229957958875031343e-01
8.597677518722302015e-02,9.659278532613507773e-01
6.257459565012027936e-01,4.456951859681186345e-01
4.583907462906128272e-01,9.972230496113670961e-01
7.957482395909450945e-01,5.089003506313268810e-01
7.195052297331243629e-01,4.515988288618763002e-01
9.068913346948889176e-01,2.143101877762215723e-01
2.058316211705963905e-01,7.903185798147324137e-01
7.025854134863189770e-01,6.421194533453654651e-01
7.636256903760656467e-01,9.316723980794349158e-01
8.288078713868091141e-01,2.112246882423107763e-02
8.302840364147355823e-01,6.517318859567763356e-01
6.373194075785770796e-02,1.602173533219258816e-01
1.110838474558321076e-01,7.750639557195635465e-01
2.058340189816013632e-01,8.088015959406582578e-01
4.744152786532251920e-02,3.134635365500829662e-01
7.578090117182914032e-01,3.908458113069214201e-01
6.954244179956947658e-01,2.155580747501714134e-01
7.069774058528532912e-02,6.578901012203240972e-01
2.310825843094247434e-01,2.783805650007165067e-02
3.122493089791196219e-01,2.771660614609093853e-01
6.211716880284889886e-02,3.860067728010141419e-01
4.669196947913789586e-03,7.583157688224849702e-01
3.195199578199545698e-01,6.303216042814574482e-02
2.733870997550920112e-01,4.419276626232556682e-01
3.980888385840559707e-01,3.541979142031359551e-02
2.278395500914349725e-01,8.363549435101080842e-02
9.284744362909885806e-01,2.429492399283897930e-01
6.092034510143472525e-01,8.989020410664547711e-01
5.529522684892576034e-01,9.829399569328627351e-01
9.552425230519220323e-01,6.105145523942950847e-01
4.713272960718754012e-01,3.198220678332542866e-01
9.330794742943618880e-01,5.085079161892043231e-01
9.650980922999554679e-01,3.303103233153553697e-01
7.588847558345301891e-01,6.252283562733549349e-01
8.565629807232788551e-02,8.796773465397922376e-02
1.885389349267294623e-01,4.165346533679055163e-01
3.792716828277119534e-01,3.813486066089000204e-02
7.651610270652446921e-01,3.639440160046865103e-01
3.692219666864700045e-01,2.634370125998632961e-01
5.064755719628615260e-01,7.949477069701693654e-02
6.447113056229673012e-01,6.158416130586166215e-01
3.974708053049499368e-01,8.438556740614353568e-01
3.172882665875584873e-01,6.357007979111076734e-01
4.346463976667969131e-02,4.055703383526958472e-01
7.123735724002230318e-01,9.457694266962258789e-01
3.944810586573367361e-01,9.932126070385347560e-01
2.299992410728276537e-01,2.206411179744393047e-01
1.683306624094931259e-01,5.307385531591812811e-01
6.113789124816220166e-01,9.803369428143449138e-02
6.554338253675706660e-02,8.105032235426531395e-01
3.581398512168796344e-01,3.485797413606874784e-01
9.187227458947248016e-01,1.760155112256426291e-01
8.303886151327312115e-01,2.494027061832648773e-01
6.448280202087388613e-01,5.320238529320675536e-01
2.458931756055030560e-01,8.681426674124925746e-01
5.159187025721077013e-01,9.237460472640276476e-01
6.615835707826935863e-01,1.465151994560185411e-01
7.957602149585681905e-01,7.417078554894198650e-01
5.311111483721308035e-01,7.350236327934556169e-02
4.203671380579280248e-01,9.358724766281371066e-01
2.185144377279990557e-01,9.633948245900010310e-01
6.540333448742705613e-01,7.650106937221561321e-01
4.237725528772235961e-01,3.624888274635027496e-01
2.040690954867354634e-01,8.832200965680948590e-01
3.539169283683848422e-01,6.855529376103871586e-01
3.119362830870282544e-01,2.436878731896922057e-01
7.247356695157924911e-02,8.634057790826568102e-01
3.998570029652426250e-03,1.186392659330085531e-01
5.181971086723285991e-01,1.903816666237653221e-01
3.560520831553487531e-01,2.378368893178350874e-01
7.284710162702612291e-02,5.608842404221936473e-01
4.419102071684775090e-01,2.694489305235717724e-01
5.561771563986557254e-01,8.322439165123042271e-01
2.386330325207963732e-02,9.340144264467035162e-01
2.599830512336828159e-01,2.057936712074035501e-01
3.156862571841965170e-01,9.578206506164966827e-01
5.443584145654750683e-01,9.979771237764761826e-01
2.967042282402979625e-01,3.375485941410794055e-02
2.839900015019476420e-01,3.126640360912441574e-01
5.163293756257736344e-02,3.175897411584801544e-01
9.968678646131960974e-01,2.968782673502780023e-01
5.022713694719141975e-01,5.357980678532078267e-01
3.760347616228416623e-01,9.445785296226371086e-01
3.765696583419076982e-01,7.008384837134642442e-01
7.326986236821042553e-01,1.796042879255730362e-01
9.561283620548416406e-01,5.674238636375414924e-01
5.695475944766315024e-02,9.738728022368492443e-01
9.840944926044238317e-01,2.178338085693778403e-01
4.331902328689954951e-01,3.838726488559953687e-01
8.862616953259372377e-01,2.412085239304043727e-01
9.546857553928482787e-01,1.344340478895179603e-01
1.477684896926245717e-01,6.264280950153915395e-01
9.164002965343650553e-01,3.324301707719798937e-01
7.420926260248068562e-01,8.717612290236929073e-01
1.906023399069782798e-01,5.418946880998798399e-01
5.862164674920506968e-01,7.345952049803067263e-01
9.086848740234030330e-01,2.168126488211093994e-01
2.423196024746254729e-02,1.935680850730343572e-01
4.152187990176189336e-01,9.550418708884842456e-01
7.736003447696214730e-01,8.619294402043521375e-01
8.313988162354581934e-01,4.760996203710186059e-01
8.485208897217201285e-01,5.364883699379858761e-01
5.695537455382995162e-01,5.886301671294627003e-01
7.875002074297755561e-01,6.108017684704990513e-01
2.873672828495134057e-01,8.559974059508020927e-01
3.997586607105976242e-01,3.222593278148215834e-01
7.128660862586339020e-01,6.929772669401492724e-01
5.594607070243248215e-01,8.312470580017125021e-01
2.898470417285503586e-02,1.046814781938604222e-01
6.667856004814022297e-01,9.602397714734127732e-01
3.754262721756640442e-01,9.718352271124982567e-01
5.393373897048919785e-01,4.406933381924651449e-01
9.330260822869901327e-01,2.287499516119984033e-02
8.073707749159255709e-01,9.627509777092909671e-01
4.059720398022822474e-01,9.703415487926159155e-01
7.397913922223245953e-01,2.573971138582326068e-01
6.052649366412776732e-02,7.847661390967740624e-01
9.939745003219233599e-01,7.853413050312684218e-01
2.442796395030867318e-01,6.720387469291644322e-02
8.608803020561798247e-01,3.487674128660167572e-01
5.187092433930099444e-01,1.766865472297892703e-01
3.229178500304176191e-01,6.442624335912816580e-02
2.267522372757497795e-01,2.650125323089456142e-01
2.004729785600832814e-01,8.600827541144934196e-01
9.295020734333970802e-01,5.308541046083340431e-01
6.613754793665375109e-01,1.791369141644444385e-01
5.805155675263266035e-01,7.385560474461505542e-01
1.379684289581674106e-01,5.441236709355596890e-01
2.912898511526130774e-01,8.538007679578509812e-01
1.879213631823414277e-01,3.466297662881786534e-01
8.960241205892308658e-01,7.451620602631958690e-01
2.669498323195363954e-01,8.302400077717364546e-02
1.910099621371419421e-01,1.786020953772485820e-01
7.264296547880820798e-01,9.783284419130858778e-01
8.463565919799272974e-01,7.345396749772692413e-02
4.959884376669376760e-02,9.014889564200434524e-01
4.131484321249733194e-01,9.667795847168290102e-01
5.441775752688440271e-01,5.949950226739046943e-01
3.885676793947345775e-01,4.028606081362006153e-01
1.614355628879249327e-02,6.199738113344760437e-01
3.056465864853195047e-01,9.149465638183506000e-01
8.645465240357583792e-01,7.654916786251615424e-01
3.309601938601144377e-01,6.792396416186179398e-01
8.381103049006949357e-01,2.417368961123681492e-01
5.696072006653507547e-02,6.049920221625791905e-01
2.282146503690729578e-01,4.522510634855829714e-01
2.516863515232334869e-01,2.976655098480930350e-01
9.775649286188139442e-01,8.142373367338940904e-01
7.757923968679680815e-02,6.973108252200945767e-01
9.649747904417449451e-01,3.706101035914755037e-02
6.855348824729126100e-01,4.623891902301612289e-01
6.699330048181613151e-01,9.692264094001096231e-01
2.046832294697047416e-01,2.997843815485362606e-01
6.756032865035658252e-01,7.830202706422902947e-01
5.915780892679525227e-01,9.325420754998332562e-01
9.162945681348517724e-01,1.747176434332149420e-01
4.950719735710816805e-01,8.418561998953058012e-01
6.438174572488274405e-01,5.489299890004568638e-01
6.060532500337334483e-01,4.651403339641536627e-01
5.939545189519703783e-01,2.265288612316048722e-01
9.168273655968475211e-01,9.257841113562346180e-01
1.417931164460626281e-01,3.724183380587785530e-01
6.238984197357499983e-01,6.281872428182497803e-01
3.548105295203201059e-01,7.427032948637585230e-01
9.175568539125837919e-01,4.981799369316690651e-01
7.124411970400926775e-01,4.250540518366281439e-01
7.815385183211850384e-01,8.957207697449699468e-01
8.005733546554280045e-01,8.071402095665486387e-01
7.336249252183408842e-01,1.618097735861435682e-01
3.360314066820785373e-01,4.014648476969576718e-01
4.081168641332341140e-01,4.726294944697932987e-01
6.657586480022297248e-01,7.741915872292393086e-01
5.942222275166153533e-02,6.658522427693808199e-01
1.446975742752664162e-01,8.096961806451327126e-01
8.100940265325007328e-01,2.850579809784776764e-01
3.972563956444913336e-01,1.260200723781695897e-01
9.379104104039287515e-01,2.006275922949818380e-02
2.506058879409329698e-01,3.889098946101546828e-01
7.618996593257317818e-01,6.541324174772182865e-01
9.216381367568429184e-01,9.423836058315349096e-01
2.637815835252574903e-01,9.739309442904052760e-01
1.797598274316711819e-01,2.788808742864024026e-02
2.241662247310017841e-01,6.647202710596853414e-01
5.714010586328950314e-01,2.122893680116124671e-01
8.447156435062178614e-01,5.369625691732771156e-01
8.232303396433021669e-01,4.088321414898954398e-01
3.800228501068170228e-01,9.802000070344745186e-01
1.225751266424943697e-01,5.761376180480951570e-01
6.230906199827438430e-01,9.845286915697519792e-01
2.364361022954695191e-01,9.191235475079551076e-01
3.705869016246309267e-01,9.785561441109525971e-01
2.470711678110609766e-01,8.447835654789768167e-01
9.022972011695835626e-01,7.859057516914513819e-02
7.849260790001951760e-01,4.884543294353912435e-01
1.628498396973195872e-01,7.011050302240868781e-01
4.837636681204126043e-01,9.964546058616473578e-01
1.307526036435503469e-01,8.825680557230862755e-01
7.993640300555102662e-01,8.958429439676887096e-01
5.821393565627532851e-01,8.737392398523626813e-01
5.802638552842407371e-01,2.463021859322559459e-01
5.641523336688538670e-01,3.429606111148241210e-01
8.556532491779839100e-01,6.440237235517394243e-01
9.216780638587218633e-01,7.131837474692203083e-01
9.480367406772607364e-01,1.739443592109226611e-01
8.865947345918037126e-01,4.746491817263864821e-01
8.961736693578757906e-01,9.210104919999910766e-01
7.698082525217927463e-01,5.272239273971124351e-01
5.277904824987700305e-01,3.878569408555490039e-01
2.430603596433631441e-01,7.633311671892339945e-01
9.217666224731660973e-01,2.672057628496481430e-01
6.170477721612921407e-02,2.753025865400637873e-02
7.423797100302891305e-01,4.910259927643833011e-01
6.074748787049772947e-01,1.857152800365692302e-01
8.141013671991054190e-01,7.865811374846227721e-01
2.055826420706005075e-01,2.246046219742138250e-01
1.908656366455541153e-02,8.213055594323870334e-01
1.267829453065827394e-02,3.212599660683849168e-01
6.537409949468632187e-01,7.503294186804665422e-02
7.616341256994998421e-01,4.551065268867482416e-02
8.824064000729406887e-01,7.887703343030597614e-01
5.122958293768632432e-01,2.731935816520026927e-01
4.275626602255874209e-01,5.707697640755554636e-01
4.237563554565284552e-01,9.214563679092865334e-01
2.376418535260312881e-01,3.740131893842441047e-01
9.277195511992852861e-02,5.643345663793023492e-01
2.313065008424342039e-01,3.866390438930290552e-01
3.701111642293696269e-01,6.264260431886379266e-01
8.143127305176667274e-02,8.766599056633043174e-01
5.908089583461348937e-01,3.338068060346195409e-01
1.688767584067399907e-01,3.701031679061750346e-02
9.774887378838278407e-01,4.184487296881694851e-01
5.181246614640069303e-01,6.361869427571292812e-01
7.200169497295242360e-01,9.308496876066445491e-01
8.924359671801913585e-01,1.861246328034233954e-01
3.682927631008554581e-01,4.968849950458594789e-01
2.941110048299445667e-01,1.920610758297632836e-01
1.446825526893091851e-02,3.857288381952644896e-01
8.168269730230296455e-01,9.515118090299311548e-01
9.714283593841338549e-01,5.135984944628980697e-01
6.128203744483187165e-01,8.395383727749055058e-01
8.224846806034489255e-01,7.021551229234219704e-01
4.793999049659531941e-01,4.407608089150072406e-02
4.240721913446068303e-01,9.223329079182366330e-01
3.498981524304463075e-01,3.618960041941777783e-01
3.401775840088117064e-01,3.578622091705830899e-01
9.045909164651853018e-01,8.974357691399490466e-01
9.163075980626702588e-01,7.514801118192332430e-01
6.555112741855081415e-01,7.175353815937113300e-01
3.905757165451595458e-01,3.086512112973032185e-01
6.620484389165132155e-01,8.460499046679771373e-01
3.107678861936614689e-01,1.126852371116831009e-01
7.126085399115947849e-01,9.047262628716894461e-01
7.666652559091146069e-01,7.556743811045932846e-01
4.343196081800085873e-01,8.623009549138054286e-01
6.962372559566989416e-01,6.187288480381171185e-01
2.047321856503591109e-01,4.960358760331170513e-01
2.756464718262009450e-01,9.180500038941338259e-01
3.519753721704266258e-02,3.963623685456248991e-01
4.236613300148094341e-01,5.933293676144639761e-01
6.840248264278540047e-01,6.126594346477379771e-01
6.483702947540914696e-02,3.420272459952184985e-01
6.700991104198178450e-01,1.897852671165700666e-02
7.051283060282850235e-01,3.185710029525280484e-01
9.093429147894185327e-01,3.436863494656297036e-01
7.515738777922046365e-01,1.686770605534759770e-01
5.285472341298825816e-01,2.771834261117476217e-01
1.929783009946682837e-01,5.225504408098904374e-01
8.008194738198272100e-01,5.985034782251347218e-01
1.546570482642851685e-01,7.171371008063802677e-01
7.349509573753664204e-01,2.113818634885243908e-01
3.920217661076530469e-01,1.469098198726291882e-01
9.170949752518983145e-01,5.034416531871228617e-01
3.887514441640163021e-01,6.183099353109853258e-01
1.739658465832256695e-01,1.985293293398953107e-01
8.948719613286926222e-01,4.566917866050853592e-01
3.129555073219028039e-01,3.311745416016980137e-01
7.750942675468137644e-01,4.546352896953348433e-01
4.458796377886599105e-01,7.835791439798833746e-01
4.953399365153888789e-01,3.228454235196849265e-01
2.909251968785542264e-01,5.347781352983016490e-01
1.857998203720850894e-01,9.085539515838605418e-01
2.483623880277160412e-01,1.222621149146785324e-01
3.584439107473527120e-01,9.905062322016600085e-02
8.537871651552975116e-02,9.693977173514477519e-01
2.034826847848185682e-01,1.783153721294250538e-01
7.013933187669374458e-02,7.068828084884377638e-01
9.332739355067742881e-01,9.149943936375530829e-01
8.478500886519879653e-01,3.728373599765605340e-01
5.400300917413425328e-01,2.840414307332844723e-01
7.999530795871622191e-01,1.477630510889325066e-01
3.992671249731788441e-01,8.765791854117847004e-01
8.721414330281590521e-01,2.189978170127859780e-01
2.682875487652442992e-01,9.835867332615737535e-01
3.384294047567814046e-01,9.539872211748011699e-01
8.756084741712104602e-01,3.566328362933897100e-01
3.561371367928549692e-01,5.858203769798508986e-02
7.420547017391018185e-01,5.088903507550163186e-01
2.358755532801912747e-01,7.849593407060533323e-01
6.715364951631570545e-01,2.225781335348453460e-03
1.789514469801856134e-02,5.892116855496646322e-01
9.133371745334912806e-01,8.075142899570960653e-01
8.868796333636175255e-01,2.749924593114206894e-01
2.780719743067519012e-01,1.481447858199460565e-01
6.253299682074028309e-01,7.134597591908959924e-01
2.289213713876251388e-01,1.492494781823726635e-01
7.993122549007394273e-01,9.997127729886758907e-01
8.509138422184806538e-01,5.323041255222896728e-01
1.316151487766813455e-01,7.525701354649112496e-01
7.667230946385973356e-01,4.114663130723468232e-01
3.759656939107466345e-01,1.604436053714497490e-02
2.720368753566325681e-01,1.613063814944598606e-01
2.525267977548554255e-01,1.833655157784092049e-01
7.002880213601885284e-01,3.963693265837004986e-01
7.126140470665296434e-01,7.284171579207465719e-03
7.946354393540909777e-01,6.564523904427312928e-01
9.607187085671560212e-01,4.180700064123525905e-01
8.175209855849616680e-01,9.213842356159160918e-01
5.966056090717579696e-01,6.939745346889106825e-01
8.334361737170659090e-02,1.065735661050956073e-01
2.740107825720627943e-01,8.875870428021859215e-02
5.156543695184286902e-01,8.745373800675861897e-01
2.686272006672417723e-01,3.883309540114314728e-01
5.430124552227428847e-01,7.780278775710189887e-01
4.922154368656833645e-01,8.644746662911040325e-03
4.706308808579451330e-01,6.330285639621369143e-01
7.971755412670742391e-01,1.997883311396897454e-02
7.403980417320210616e-02,2.269586034666183361e-01
4.067812956528120694e-01,7.009464285361550751e-01
1.379522649460798167e-01,1.063394791529090888e-01
9.337922141397330122e-01,6.092851810555514058e-01
2.670825584069977943e-01,7.482638436742462540e-01
5.318631447087234232e-01,6.183824406204196933e-01
8.089504674916907501e-01,3.498764842187266355e-01
8.349034520204545728e-02,9.779330793722122994e-01
4.142341478580466863e-01,9.862351405630174206e-01
8.395220332557011833e-01,1.361580404916686859e-01
3.402001380030106326e-03,8.136727785572850369e-02
2.052466080744568266e-01,7.512688858529403824e-03
6.633652215048811973e-01,7.803340056022410876e-01
5.966401924021902392e-01,8.587374056125153254e-01
3.292765603428229326e-01,2.357574575941588924e-01
7.789913878935713631e-01,4.187405526827732150e-01
2.852933668469659345e-01,5.644187713155128794e-01
1.249465449441621301e-01,4.875285796054846799e-01
2.643344897090825762e-01,1.289772575911483088e-01
1.799722818557032422e-01,3.544281656793715207e-01
3.672413495277345730e-01,3.714376174811071518e-01
5.573942842359526084e-01,9.015116243719833999e-01
3.253947362531416365e-01,5.961923941335721677e-01
9.861647394685474355e-01,5.803836030655810108e-01
2.655909100421371960e-01,9.820726366569552113e-01
8.053238791287635756e-01,6.544173006179022645e-01
5.372059153316840474e-01,7.510862940781324326e-01
3.510390629008798280e-01,5.733323719689733533e-01
5.958056709914253402e-01,8.997926288366508984e-02
6.280117039493360309e-01,8.509756899898773819e-01
9.062751088669026567e-01,1.537973007281084881e-01
2.840710447533094651e-01,2.066757962787846292e-02
9.628192385859616342e-01,5.810948518554269748e-01
3.211209191287758280e-01,7.148574191563812352e-01
7.053095959092210432e-01,2.942147378648283240e-01
6.294438790801959449e-02,5.597331927164757026e-01
3.381536242318641250e-01,6.483892399996421529e-01
6.129028293299646490e-01,5.707070325914190834e-01
1.851938371981803888e-01,1.262576475503317530e-01
4.864950133961976064e-01,8.112196055616119894e-01
5.313759732425054061e-01,1.459049455384978655e-01
7.277626355928867863e-01,3.985753052918945549e-01
5.114725423722289444e-01,5.240724714781828109e-01
1.438269371501031957e-01,7.916350402927240237e-01
4.283171164645694917e-01,6.572005282334526521e-01
6.097014671743284930e-01,7.955475562544320756e-01
1.956303013751312658e-01,6.642912150435662522e-01
3.022369803301319102e-01,2.183607009471922877e-01
