8.508809020892380559e-01,4.425438343673830932e-01,8.901920001058885035e-01
4.354894099892587800e-01,4.545589491661697901e-01,6.544440789410377324e-01
9.504245645112381347e-01,8.434947417043463513e-01,3.230787290582813887e-01
1.902188285860773043e-02,6.592651410150222047e-01,3.686171499436279309e-01
5.195187001582080022e-01,6.636014005293702223e-01,6.702857214160650168e-01
4.145459629894944209e-01,8.292550617409187863e-01,9.819832748368596542e-01
8.200620992649957364e-01,9.932170885123137172e-02,4.486243512183241133e-02
3.424355926135257411e-01,9.732664754934926554e-01,1.290224063090964490e-01
5.720541627177931909e-01,8.961543095932720249e-01,7.310918295166338732e-01
9.006915549410845490e-01,9.959134528363796646e-01,5.719059679303615251e-01
2.211337032480855669e-01,5.907185469322097093e-01,1.860845397171586590e-01
4.052953645016861284e-01,1.266683576379973308e-01,6.728934131819171993e-01
4.264400598372072304e-01,5.607681974201970121e-01,3.346725926982497823e-01
6.506881076839168276e-01,6.741012284290804901e-01,8.401445299950375256e-01
2.349916425332758685e-01,4.577701139770129490e-01,4.081039413911541347e-01
3.549711566146285247e-01,9.526983240431524669e-01,6.181285213381728649e-01
6.715733449871144067e-01,7.489483657763593705e-01,5.413949892951642751e-01
6.064755368324050711e-01,8.797017925295230745e-01,4.459722478999457174e-01
5.824526590876021315e-01,6.489946299897331183e-02,5.366568907211350936e-01
2.364362204283788627e-01,2.175898728416044703e-01,8.515326525185238360e-01
7.577921661284119370e-01,1.080646211284923552e-01,6.200731764654163758e-01
1.476402724990765192e-01,6.897719040927556833e-01,8.855552902992714914e-01
1.210661736809599542e-01,2.234354686128641188e-01,9.670112509631295650e-01
2.036962607883046061e-01,4.235354972301741405e-02,7.981559917403011628e-01
4.505902422639621596e-01,4.046605352850249915e-01,6.317516123641174763e-01
6.091419846435409680e-01,6.058547075393894144e-02,2.185058385667493219e-02
7.539868516133629850e-01,2.071247925439618776e-01,9.652089122521048115e-01
1.805304376260211674e-01,3.314144476133051853e-02,6.501593140961314798e-01
7.549483910865536496e-01,9.324456096612042666e-01,8.709224543019936648e-01
4.855825048756713391e-01,3.705946000378401717e-02,6.290511664702735928e-01
7.219379124682541171e-01,2.551058070621464724e-01,1.616668988842637766e-01
3.263135508374693794e-01,3.467517335926755262e-01,5.459168867587896878e-01
1.698908405626941009e-01,5.922634024229053162e-01,8.806647706883532489e-01
5.067575007806562892e-01,1.929168633990884230e-01,2.393206080195601215e-01
4.705154237844566545e-03,5.248235162404718546e-01,8.209938108216935371e-01
4.792108398604623121e-01,1.850250979157613829e-01,2.792912596581599294e-01
8.152145768176484175e-01,8.718904774832102467e-01,4.509290001402804782e-01
6.944246867746212137e-01,1.789298653413509133e-01,3.454367934978951338e-01
1.964820783963133755e-01,1.894554208885911306e-01,7.051338266601604454e-01
3.848604350016867626e-01,1.316951198079331364e-01,8.411217646483601929e-01
1.874306007348162106e-01,8.004794786866632483e-01,7.324929710235207336e-01
3.425842473513602826e-01,4.860226142300489993e-01,8.861859122293619384e-01
9.518883438197915936e-01,7.909680630648363575e-02,3.407004669782722761e-01
2.934925347841396137e-01,8.899188987774524495e-01,8.863972215485370620e-01
1.981049080426612319e-01,7.948484865911400465e-01,7.992789835701034074e-01
9.425192611444630497e-01,7.387256748540246276e-01,5.305470806780097082e-01
5.276308895184372849e-01,3.213140151509180642e-01,3.876226120507320072e-02
4.939467834144419811e-01,8.615050040529840247e-01,2.602705634175267457e-01
2.923396874792085764e-01,5.053544913679701711e-01,5.096771832003808012e-01
4.834201816004950469e-01,9.890004404905820001e-01,2.960201504193230582e-01
5.514848671974611483e-01,8.356725156987964143e-01,8.611655040791964533e-01
1.419431443905505574e-01,1.023215526698910693e-01,8.302455538762092413e-01
1.925773954121565712e-01,4.412647719003457425e-01,7.629935763499300361e-01
9.161826912972297343e-01,3.261176842210428140e-01,5.993903057350574715e-01
1.524466907580329655e-01,4.661999499096611821e-01,5.833804711763984630e-01
3.540977573962978964e-01,4.158701426153330605e-01,2.163840895605808612e-01
7.575663970196021557e-01,7.554925393318937532e-01,3.738675015384180789e-01
5.940100771666330104e-01,7.578699729621616310e-01,4.542283693828812474e-01
6.506572441143438912e-01,5.710851144204928120e-01,7.877932568638381650e-01
7.938826233424406409e-01,2.907608681978262055e-01,7.354007770899608776e-01
6.053743958405951586e-01,4.628119609738429174e-01,8.063899397343520237e-01
3.655378115316052501e-01,9.614502896068038984e-01,7.399235052879551411e-01
9.518107257091823481e-01,1.770410470816210502e-01,1.379282210789100072e-01
6.259308142192311353e-01,8.963715122284289238e-01,4.740444052557668542e-01
6.634764894252809242e-02,8.825552454770291266e-01,5.328790388205378870e-01
2.485892516165555399e-02,6.360637988738245818e-01,3.785051815178068768e-01
8.692394922244980338e-01,3.340151317123415398e-01,5.475335879312289711e-01
8.485645672623731706e-01,1.194776175119540707e-01,4.513136471233401004e-01
8.675006309897481671e-02,3.593941116452253892e-01,3.281970255779302903e-01
5.292676381026870658e-01,8.400882619135328078e-01,5.024340334549678433e-01
7.730741587895806344e-01,5.186371536008527183e-02,1.671647760383317971e-01
9.149284867129511278e-01,4.244458432796516245e-01,9.441757890850573931e-01
5.997218928189349541e-01,8.913219474816532761e-01,6.425529305398741675e-01
6.415652551165399453e-01,8.376522517748888896e-01,5.916791645178010040e-02
9.030337029165272922e-01,3.913717589344845038e-02,6.432070990412418476e-01
9.118623230005576952e-01,1.639262732890461871e-01,9.833004719087823364e-01
8.857775180612447175e-01,9.406801092792037577e-01,1.392303752125246818e-01
2.825081076331897867e-01,1.564965421893504960e-02,5.459317530474391278e-01
7.012030474906107980e-01,2.552985345525634608e-01,8.058638753634285168e-01
1.571018867610157743e-01,3.388623496605368546e-01,1.036572097215345822e-01
8.440245552201375290e-02,6.474483770641897840e-01,6.045686386554927072e-01
2.678711361970098626e-02,5.819209762462740354e-01,1.377990360320290320e-01
3.017431874902795075e-01,6.421608539230255763e-01,7.253139568310840168e-02
1.597367535008872297e-01,2.071171877008366469e-01,3.090746420925534199e-01
3.765822773632950815e-01,3.065285509740631742e-01,3.200394115878704149e-01
7.804482952493008163e-01,9.024931309215732389e-01,2.715603754342292842e-01
4.504075676673122697e-01,2.642558021397443113e-01,3.822310011255144468e-01
5.431471941057371966e-01,4.369637264231818197e-01,1.811668501658172392e-01
1.970369875151380956e-01,5.463059922308636240e-01,5.751274470697709251e-01
7.619582204020103333e-01,5.913640249347799083e-01,7.941126688962970581e-01
8.406848744794521711e-01,4.039384675824901905e-01,1.672354273657662427e-01
7.705471504237043634e-01,8.323241003212056288e-02,5.313705826182194558e-01
3.682384724921355934e-01,4.822138035061295236e-01,6.589919291921964017e-02
6.215961634622967358e-01,6.588291688960012937e-02,3.258766459394972781e-01
6.374306621132186379e-01,6.235150282051553638e-01,1.902754684101359839e-02
5.629894479511490246e-01,1.340517182216823810e-01,6.122331576418079679e-01
2.420146430912024638e-01,8.206587220276808647e-01,6.336526741054985257e-01
5.180766198769863884e-01,2.798296343366730721e-01,9.132300648988478375e-01
4.250810412810760441e-01,5.591745042968292445e-01,3.339512405125201200e-01
6.529132592848829741e-02,7.776969110916964745e-03,9.962041084216202158e-01
