9.687144364489020942e-01,2.171845841452813008e-02,5.707690410946105741e-01
4.613367932141609895e-02,5.027680513095101889e-01,1.447546332603705244e-01
5.815296176078859069e-01,5.151310530447025249e-01,2.109030920735344150e-01
3.298875286329573386e-01,3.502062109438800475e-01,2.771632535492958294e-01
2.752738633507442190e-01,3.558043982900704894e-02,1.427462110248896021e-01
2.692067743088236709e-01,2.652785028731973194e-01,1.490556459021882274e-01
4.306854265296438111e-01,4.781455140505407320e-01,6.796759384164351436e-01
3.020108635151572685e-01,9.662671850333350854e-01,6.477592628939417008e-01
3.038542668488364296e-01,6.484683081852736786e-01,6.308350097447658067e-01
7.839503088329656810e-01,3.048324560891303436e-01,3.049691468146242812e-01
1.092645879396211273e-01,7.480499073518254161e-02,6.123178957749485507e-01
3.093775105599255726e-01,4.906533370436260144e-01,1.822007572733115310e-01
6.207500233332075013e-02,3.173626798000518390e-01,4.912780079178317161e-01
7.740952926347149932e-01,9.594307805004287371e-02,9.447198874352806808e-01
2.835293673373007195e-02,8.205704348599789366e-01,2.892425116397916440e-01
2.045182258200460845e-01,1.070631741597638520e-02,3.989124097416454351e-01
3.472219112582379807e-01,1.937713613178626559e-02,9.728865521345778644e-01
3.805599795381590100e-01,6.313980716817751970e-01,4.863620367264920308e-02
9.645008956291900581e-02,6.519325959919359814e-01,1.375154148631003714e-01
1.323386653414999614e-01,3.474335383198999816e-01,2.499923446643926850e-01
2.358618666926398655e-01,6.884341759475725020e-01,7.812568263113595091e-01
5.111358355518209606e-01,1.165859780332282325e-01,6.797065323411181081e-01
7.318015733515728094e-01,9.220072456443753062e-01,8.024455600945031852e-01
6.716887682208683152e-03,8.870782355365871563e-01,1.354047216806405496e-01
2.617084413422169353e-01,3.202520192635004426e-01,2.096689211795155217e-02
8.298291410458121797e-01,2.083554204272828336e-01,8.527421986017582611e-01
1.735307803526152659e-01,1.239602457035973160e-01,5.920183993717437199e-01
9.472077713568769486e-01,4.211594508317879626e-01,5.626481023233558254e-01
5.640252599960210445e-01,3.906783091952190645e-01,6.289617387322262720e-01
8.711462763410416921e-01,3.077699398561485333e-01,3.004004448197227228e-01
1.340010358423804337e-01,3.824851702700270417e-01,1.532130113959544460e-01
2.828061889366988435e-01,2.609741034013930427e-01,7.104323683598323669e-01
7.988218428611117972e-01,8.553355949081663523e-01,3.236142135391900654e-01
4.408982787587520935e-01,8.760719107761490987e-01,9.753548296677047036e-01
6.876541203574523253e-01,9.090627522078950085e-01,6.728891741785103520e-01
3.568377037706403909e-01,4.020974367190064402e-01,3.915180238052142769e-01
6.918777460503496846e-01,1.859612256197289426e-01,9.735051132645167193e-02
5.581791167528944442e-01,5.782543372575036367e-01,5.318818733100136864e-01
8.270858275392368730e-01,7.461467521515262602e-01,1.211626120553371821e-01
7.805456262633903020e-02,8.558409528811844469e-01,3.781629630288692034e-01
8.668725354584002618e-01,7.841548080848357305e-01,6.746522208319172265e-02
6.122915287162029596e-01,4.527455246138371026e-01,7.456352197489324318e-01
8.284773356021398749e-01,3.329993858008163388e-01,9.800255052978369408e-01
8.422319927629762226e-02,4.910801087639783402e-01,2.496536513713073502e-01
3.935176941079524537e-01,8.503172216522814075e-01,1.832556302565787609e-01
2.594850841685505394e-01,3.593777200994353604e-01,2.681382475773558260e-01
9.170996356481390110e-01,8.838192899556075455e-01,4.258022369548503105e-01
2.410611898199116476e-01,7.162597905400326370e-01,6.687179655339088313e-01
9.687598142165380066e-01,7.152609785434337342e-01,1.234866195952540879e-01
7.634694078918038418e-01,5.998044822446848556e-01,3.005740096346674051e-01
1.713113449387902998e-01,4.456433442700945546e-01,4.455519774616929496e-01
5.402458406593443341e-01,6.154491781433324427e-01,9.972513925673387458e-01
8.200490710536819661e-01,7.268100276597104781e-01,6.795431429796460199e-01
3.769623054624228198e-01,4.728285319120522079e-01,2.847120944399377240e-01
2.092375263897703341e-01,8.439082079270319170e-01,6.886788526114685505e-01
3.563568633692204557e-01,7.792727347408781036e-01,9.096814781564597219e-01
3.128085200304419056e-01,3.566740340560750067e-01,9.243182235204915331e-01
7.305648114591521969e-01,6.670371532772184642e-01,6.536376773752294866e-01
6.239309837898394662e-01,2.975431874166819535e-01,9.281031152043662802e-01
8.588715153566739424e-01,1.031194653533702432e-01,1.860710888070122859e-01
5.152712577407770889e-01,6.565606987595478117e-01,1.028182511107423869e-01
6.504393216828143753e-01,4.390570242796864031e-01,3.973432236357116176e-01
3.261317335295818021e-01,9.635587453555736204e-01,6.162963572952917524e-01
3.188794161899977109e-01,9.244332446047420770e-01,7.170891010448285918e-01
8.828316037391126248e-02,2.747313497978342012e-01,4.412026901164849413e-01
1.051732043209478995e-01,5.337320185228731084e-01,9.419739322478416499e-01
6.805060488261825968e-01,2.292471752563085552e-02,2.513591370215811915e-01
2.518337935680388107e-01,7.315812836906785410e-01,7.862159651548122907e-01
6.184416929624512171e-01,9.321979917214405775e-01,4.532599315603036416e-02
7.230462743282410898e-01,2.224975361666022833e-01,6.790382421928207179e-01
6.174073629034438904e-01,3.322894034709278355e-01,9.996412999692378953e-01
7.777681126134762257e-01,6.987022668293427774e-01,6.871533890211138917e-01
2.033237541916433910e-01,2.963734372515003379e-02,4.599742833212251414e-01
8.797760084939121317e-02,9.437267676204597056e-01,7.746270431374258081e-02
7.037351930633726216e-01,2.325434552995806481e-01,7.581759952337500108e-01
1.943306726885879465e-01,8.061970459309353298e-02,6.392083157922606729e-01
5.674795903032372468e-01,4.436608169828226700e-01,9.174173313694520271e-01
1.430837432342363380e-01,8.274207865127303219e-01,9.506394688754893352e-02
8.718010673649554398e-01,5.626527587365410810e-01,4.170493698981558861e-01
2.783469367066160327e-02,5.830234671706887584e-01,8.869670351114191664e-01
8.183284907979637701e-01,5.299041350582353038e-01,1.503747547873492962e-01
7.090758945213604392e-03,8.136331160403805773e-01,2.337648154318638927e-02
3.387965662292634628e-01,8.967101454874878419e-01,5.824903770001866876e-01
5.225739222550254137e-01,5.283127482706692080e-01,3.594294889029623352e-01
3.828780785105397877e-01,3.425979353290327101e-01,8.740756885805320842e-01
3.754137757151162491e-01,7.115043442615051061e-01,7.606897824358951343e-01
1.748208113925704410e-01,3.063742831888635054e-01,4.324049179239486396e-02
2.019231950803830333e-01,7.476736804751069609e-01,4.523375859984792857e-01
1.244662134748643068e-01,8.562584917054453237e-01,6.313025791486325256e-01
7.888735968653536323e-01,6.456895997719179769e-01,8.058702359163061324e-03
6.084526994084019647e-01,2.019351031199768665e-01,6.091081270644933543e-01
5.465450253681330972e-01,1.389990165701657787e-01,4.813704582578883784e-01
5.579254812362702820e-01,9.825415589671572247e-01,8.942707270791000473e-01
1.661028580221094453e-01,4.656518611650073414e-02,3.053012294642389879e-01
2.380822856098834261e-01,7.248772833798424742e-01,6.836600044062478565e-01
1.171502503189789657e-01,1.956213655876837265e-03,5.266935202616532807e-01
8.208169242141851729e-01,4.614961344996626469e-01,3.294573922255701337e-01
2.228496764131208119e-01,7.408219250219264529e-01,3.005963116364516186e-01
5.195051714064811144e-01,1.345934937469639436e-02,8.960486934822808891e-01
6.737382963246500989e-01,9.378457599563045921e-01,3.914303937367754616e-01
1.283539715776993440e-01,7.340417709316049422e-02,1.493675131273841661e-02
8.732462670880575262e-01,8.336190739401359018e-01,6.179136426856094433e-01
3.009968116827794749e-01,3.764478522455584342e-01,3.458568318544438247e-01
2.282347170168864681e-01,5.740977872080832434e-03,9.741186121929847896e-01
7.112835413201734625e-02,2.330798182830098320e-01,7.331421041454564413e-01
1.627641854303513158e-01,3.153924535164445153e-01,1.708939068450668897e-01
4.672729817888675585e-01,5.985377382501322341e-02,5.077065334354533555e-01
2.539019638711919047e-01,1.877019226340614910e-01,7.332284463414444620e-01
4.984854618917169411e-01,1.528216679419825974e-01,7.236604067445784327e-01
5.141577485625837829e-01,2.470656694061293956e-01,9.266798034027693420e-01
8.124225821618050736e-01,2.225513260608694699e-01,5.213556710621055634e-01
7.036249203621643966e-01,3.470165343178766015e-01,6.863514791451820196e-01
5.320350866923817534e-01,1.405749952018054971e-01,3.717421855687180754e-01
7.187594335971407844e-01,3.607703969807263267e-02,6.364341641693423979e-01
4.782043328709197905e-01,8.459316136105157202e-01,5.838762521189422294e-01
3.407907114498043288e-02,6.086752516383041600e-01,6.177685394505338934e-01
9.227841945509791532e-01,2.697997977141597392e-01,9.574704255473462933e-01
7.370066560925612187e-01,5.013284494498962962e-01,1.722977398980873875e-02
3.087607154575413571e-01,6.993850039278619590e-01,6.170846767489065465e-01
9.434277337157267462e-01,9.596226442072832707e-01,3.930478491284778997e-01
9.572083166661516929e-01,3.152996725293764069e-01,7.122392269822873656e-01
5.852536539348943689e-01,7.148201077484024335e-01,5.035800831815162582e-02
8.366988053336481546e-01,2.454105794097632964e-01,8.105977269476026814e-01
9.831626624439904205e-02,6.878805988101422964e-01,1.253713635192155174e-02
8.442105404923119227e-01,3.095086322980417082e-01,8.848699844553498117e-02
7.484587545618230919e-01,5.236017236495379423e-01,2.030405852439399750e-01
8.565879345392344302e-01,2.461328173432141275e-01,7.011660886649582203e-01
9.284336689749390636e-01,4.009823730825625709e-01,4.531593977613200819e-01
3.928993741507913473e-01,8.889252985963813636e-02,3.211887627130859402e-01
8.668163852247328105e-01,4.407692312230039322e-01,8.849726169222001948e-01
5.712788672967661352e-01,9.990107320853690576e-01,4.451579657137620938e-01
3.409234748649547786e-02,9.220744134847626006e-01,1.166460570833872668e-01
6.628982352533596689e-02,9.031566983855320307e-01,5.533805844905768101e-01
4.944542822033007878e-01,5.917783189621359519e-01,9.794048691788683758e-01
2.900849444466889748e-01,7.061136790082933601e-02,2.235019243289261270e-01
5.781627368878361484e-01,3.654252204258532366e-01,9.385114773706554336e-01
5.096847567592087680e-01,8.599915906099820928e-01,2.753877601602677805e-01
2.424286354441660407e-01,9.356149743679559316e-01,3.808382992131671418e-01
2.109329571566642691e-01,8.460054857390777450e-01,1.992407428402591663e-01
8.714686438310008665e-01,7.994218504836024808e-01,1.649817086291505142e-02
5.599378797504264149e-01,8.054805302150540580e-01,3.962084555018777765e-01
9.115254583042754488e-01,4.497510656814045493e-01,1.424211299120290430e-01
4.698570011778062661e-01,8.347660686536461094e-01,5.591971409587284114e-01
2.117442515343845866e-01,6.594386467323025691e-01,3.397801350546716392e-01
5.001431226735641999e-02,8.380789112842123023e-01,2.415867257189774353e-01
9.936353274350858689e-01,8.322617334658992672e-01,1.469468241365418093e-01
9.530392909071390140e-01,7.608642214618414057e-01,6.710294854016571886e-01
2.800187686219510752e-01,5.890549148653755340e-01,8.065063770651408337e-01
2.078163809163078302e-01,7.558100580751492270e-01,8.792564639832101125e-02
6.996774641197455180e-01,1.648913673785760148e-01,9.270151696256128115e-01
4.995190511612013218e-03,9.267434526231553837e-01,9.300910807358603316e-01
8.900278041070104340e-01,9.024011578862125571e-01,3.992250072113906478e-01
5.509532943550213835e-01,7.020430954595761053e-01,9.929050134890613499e-01
2.081835518762282788e-01,1.348989720648674506e-01,6.109639565011878437e-01
8.789075299498134708e-01,1.107779318753838727e-01,4.036700768775612902e-01
6.885485197343480523e-01,8.976131606919650618e-01,4.340096399775325020e-01
6.953292068066286857e-01,1.747428474977192892e-01,1.801627352668618842e-01
2.941759795344780493e-01,9.859969224870200888e-01,4.254974770003568940e-01
5.769843787554075343e-01,8.384714562053773301e-01,1.629617524125730466e-01
1.732062545160043543e-01,4.629172502684454349e-01,2.962049008249489912e-01
8.617547706433134058e-01,7.676774851307669456e-01,7.086591536861969187e-01
6.815276874492326442e-02,3.547847444817023854e-01,3.103706548281186528e-01
3.493753510343039492e-01,5.479142201200406515e-01,5.500188317595877674e-02
7.059867215717055000e-01,2.091492160677982382e-01,8.008487044556558132e-01
7.738967901455636733e-01,2.952202937503201063e-01,9.315445995222014774e-01
1.196464774586616375e-01,2.548137165666065629e-01,1.373940409753967584e-01
5.098493760529470009e-01,4.283623475558595572e-01,5.850531832034733259e-02
4.565019542253770934e-01,4.175708671922803150e-01,2.037972671540094760e-01
8.095083948226513559e-01,8.136090986844793926e-01,7.440551799226957641e-01
6.438567171682963997e-01,9.131229215155375334e-01,1.535453057169963165e-01
8.251539683466123654e-01,5.548858375036351820e-01,6.918725652508411761e-01
4.702266438430555695e-01,4.903519299219357697e-01,1.094741903351824641e-01
7.362093181242316264e-01,5.413807498101450566e-01,9.111385887451020071e-01
5.631351393105908931e-01,7.643248623105436401e-02,8.097415101133397242e-01
9.597607045053446750e-02,9.735083188613048444e-01,9.097826383343566858e-01
8.797862684654200738e-02,7.234057828471226470e-01,3.428748073357053006e-01
9.210109918329081324e-01,6.123316186184269982e-01,9.934933218921245812e-01
6.807267682113842255e-01,8.698612086006318744e-01,7.447809769607904862e-02
7.753749831050020802e-01,5.171849801988434026e-01,2.795115411309012643e-01
8.801368324857216097e-01,3.251426230300458187e-02,3.297393696274004693e-01
9.846146318769510852e-01,2.059600114059476628e-01,4.275051423708141618e-01
9.844708555211509893e-01,8.659547100210176485e-01,3.051434746510250928e-02
1.027144674415620962e-01,8.687728210953971075e-02,2.384420270061249347e-01
3.645870405488018662e-01,4.198603826026946484e-01,8.679930766252074159e-01
5.178644888906938082e-01,8.129623404396596476e-01,2.428390834526813480e-01
7.363704024474390097e-01,4.578959012396514039e-01,7.440154189332607304e-01
5.825489091127380448e-01,2.250062683063895896e-01,6.709259921220052103e-01
5.339617276793529044e-02,1.218091259279840965e-01,6.438091326185185759e-01
9.405766992033585128e-01,5.962460240809402956e-01,2.807992835216710503e-02
9.527571869526628712e-01,3.607214501974058685e-01,5.571308082314108123e-01
6.688145138942175327e-01,9.741983271356569052e-01,6.407147244885244008e-01
8.761679326360161113e-01,4.256882898621934253e-01,9.903377122024104029e-01
4.512676412266999337e-01,7.875245680038603924e-01,2.340375868280529792e-01
5.297285178147602691e-01,3.400005300017416854e-02,5.424157359856003335e-01
1.130467898467732990e-01,6.748255152007628377e-01,1.624335449782378094e-01
4.377907981220322542e-01,6.093729600865013252e-01,1.574379020728116085e-01
5.922286170039520181e-01,8.187500285761497576e-01,8.538179242073375974e-01
4.350223667544677042e-01,7.241341638490694788e-02,2.254526042807734054e-01
6.015426067388752740e-01,1.503924860199168378e-01,8.969382809118929822e-01
6.656498318618058185e-01,5.124652601187484890e-01,9.521014545673411877e-01
7.034983556024918538e-01,4.993323739575011855e-01,3.972266462982817492e-01
4.658956727876573112e-02,1.064628167539011239e-01,6.732552005836773823e-01
8.422780076565772323e-02,3.879748936985442098e-01,2.683407789192443493e-01
8.324121990734496546e-01,6.833892265436340985e-01,4.933139302232016909e-01
6.923776113737855065e-01,7.100380733489858320e-01,5.845345541155099189e-01
9.566835212704306590e-01,1.629879561393668963e-01,7.228608158867012579e-01
5.474019233945347507e-01,9.724812809320536600e-01,2.144489540998555377e-01
4.098675459410001665e-01,6.629291405072619270e-01,2.953217631726812176e-01
9.126438163214890542e-01,8.472810081930810533e-01,8.588777968081798830e-01
8.737429324653451790e-01,3.102913994278074794e-01,3.759274611273192290e-01
1.114572130687132567e-01,8.856801261277088555e-01,1.703673624868444758e-01
1.684741748026655772e-01,7.450689605768086032e-01,1.656548987903085912e-01
7.466628774587850126e-01,4.232577297904860369e-02,9.167798135439575447e-02
2.363321534357137876e-01,8.011792076565451559e-01,2.519796644519523010e-01
6.287529308255889182e-01,2.837141872800158504e-01,6.963336083788039810e-01
4.089786785295319582e-01,5.113555762227913748e-01,2.740925057682073174e-01
4.229362292771813303e-01,6.957368130335095380e-01,1.248509866625299169e-01
3.906667912245710417e-01,2.606754596780749278e-01,8.678450596601382516e-01
5.756209297133868530e-01,9.249141435605812145e-01,8.348385010667302986e-01
5.046530096872027249e-01,1.868047784802939759e-01,1.960902791049297100e-01
2.037329781091334890e-01,3.828354476732354073e-03,8.094848043744519162e-01
7.927962447631545784e-01,2.672389012843270351e-01,3.368265507165707495e-01
3.887775794460580636e-01,6.264605592937909639e-01,5.567875205300716335e-01
7.205080051360531757e-01,5.702245241666588083e-01,1.458742479707928474e-01
7.714455080612804272e-01,7.049132313415511497e-01,7.948659798326668247e-01
1.660391379523266098e-01,7.927553104426194874e-01,7.583789464808020631e-01
9.173475933111463476e-03,3.290034560066600333e-01,9.009953382021496093e-01
3.385114762712868597e-01,2.007687248759528753e-01,5.612999392473405624e-01
3.190343929725500960e-01,9.966394843053587582e-01,5.512354509657759749e-01
8.587174181779214654e-01,1.018909070967919384e-01,2.360251614226326344e-01
3.323294427494256631e-01,8.229983801110395403e-01,9.354580919579358333e-01
7.131884069680954896e-01,6.650625233485449872e-01,3.552612550519378409e-01
5.471583374500844643e-01,8.371247284047389492e-02,5.056423091118656954e-01
3.607806139531531953e-01,7.523384664891609175e-01,1.251894072147450299e-01
9.283918734619844848e-02,6.543556321412756782e-01,7.767238360969824784e-01
8.439115230342020268e-02,2.114514053591337595e-01,1.092352715823463605e-02
6.636406002932885295e-01,9.995510086490205781e-01,6.893196677678010698e-01
3.908637488478926558e-01,6.179250229406170192e-01,6.213068054393474648e-01
5.148193471126290000e-01,4.397879975860896629e-02,9.079119866781028003e-01
2.511252749610271007e-02,4.556752785599373912e-01,7.176583017030566669e-01
1.909753563060209158e-01,3.188669947761357815e-01,5.447768391430848345e-01
2.002326184875877768e-01,9.519932504850170396e-01,2.888043380964565587e-01
3.962348971870219838e-01,3.028856669897912468e-01,2.093469422109839329e-02
5.191870229834908423e-01,9.402250368375477674e-01,7.068003680929004773e-01
3.175022750818168316e-02,3.986531364526777477e-01,3.319566451342084168e-01
9.824434255510969827e-01,4.364463415783296218e-01,6.117276314607289489e-02
6.967994138916897562e-01,1.878754724125102360e-01,8.334041593742482767e-01
6.586961276994776071e-01,8.690443387286540533e-01,4.770397860678592394e-01
5.990445985490343572e-01,8.005172137925319342e-01,7.336707508802470246e-01
6.713017138263025485e-01,3.530234794328904746e-01,4.197305562231068432e-01
8.031280736151386046e-01,6.820293522599134572e-01,9.159479447026551702e-01
7.073800168484192241e-01,8.269211999480782227e-01,2.907851969481397569e-01
6.496787778480935804e-01,5.657498086439940455e-01,7.678290445974925715e-01
6.419975558269538363e-01,8.603768616535939495e-01,6.043085328260973110e-01
9.983350907127130913e-02,6.568706208915315869e-01,9.187198553774150733e-01
4.243691150532422629e-01,5.920943681762279587e-01,1.238050939372360437e-01
7.536491586817386512e-01,3.394744985692255135e-01,2.058608860674280283e-01
6.927619817175381112e-01,6.711563484734018870e-01,4.503631095720164179e-01
2.623463685802166490e-01,6.265125017703754295e-01,2.475072060031210386e-01
6.999499649930762679e-02,5.223106043805495480e-01,6.153295015873634366e-01
4.724232366764846702e-01,8.336060738424914129e-01,2.445989146018551219e-01
6.914764749533369725e-01,3.705460849144375235e-01,1.045480177192150695e-01
9.552878108558630066e-01,2.855945223706573000e-01,8.143827250781289218e-01
9.357432563519495483e-01,6.057138322235847694e-01,9.852737721164185336e-01
5.682814471781294507e-02,9.701624107043718137e-01,7.418504593693064919e-02
9.476314663021366824e-01,8.941711695748292277e-01,3.965376399027213949e-01
6.332538754347227794e-02,8.145977212964283787e-03,7.110905523882214974e-01
1.795113978312423697e-01,1.615363664036785218e-01,8.466662521759098503e-01
5.312726031055353682e-01,4.814562974840529419e-01,5.636753916698534761e-01
3.120608365203281220e-01,8.736432123598464328e-01,1.533887418699366734e-01
4.024547806783839166e-01,2.597930423200661698e-01,9.717308930299384251e-02
9.589228908743622215e-01,5.260421617266520800e-01,4.589161351408693745e-01
3.422257366515302213e-02,5.178821597249713138e-01,8.189773357683445276e-01
6.313625852289351803e-01,1.272548106896979059e-01,1.887952345963420653e-01
6.432188184339779902e-01,5.878353156250942790e-01,4.118253745813810207e-01
4.870442312697342846e-02,7.359416052904453887e-01,3.989192082398805850e-01
1.767940134283686460e-01,1.291725426982625047e-01,9.443559926767952639e-01
1.815194518506615395e-01,8.832225931820691933e-01,6.349880058938366378e-01
8.580406649799532381e-01,2.454022772594559587e-01,3.332436324374854486e-02
4.893901865552748864e-01,2.398705362351394310e-02,3.684670981373493470e-01
7.342926668568949822e-03,7.156558620107900115e-01,2.387495151404200877e-01
7.277775983271524973e-01,5.484097610951789159e-01,6.869908502975883291e-01
1.345943524782788892e-02,7.224142363329568717e-01,7.317586720286437529e-01
7.184858046974172963e-01,1.537354023095418576e-01,8.447431295666343321e-01
1.732401500225491109e-01,6.441775544976613421e-02,9.960025889147088307e-01
3.014127463649044492e-01,6.789154467916725944e-01,1.201393933786915058e-01
4.201602241256782166e-01,1.473709278933816869e-01,7.266837194162587554e-01
8.114320211721658405e-01,2.318468354326115310e-01,1.743293331141078095e-01
4.659634529379635959e-01,3.789947644641853408e-01,6.365710030364178929e-01
9.886782839977535930e-01,5.797886008524389956e-01,5.430022556914758658e-01
6.121356755884134193e-01,7.242209810504640632e-02,6.127913447200764585e-01
1.136358421223843118e-01,6.865102845129977815e-01,2.245458922058615192e-01
1.821540044355267618e-01,9.799538366603394168e-01,1.076618202937282831e-01
9.094661787553713905e-01,9.274543589981834035e-01,5.127743644089741704e-01
1.114254632093453212e-01,8.483625390022382362e-01,9.916758366057756291e-01
6.778637713081964167e-01,9.335146848755667692e-01,3.892898957895785106e-01
2.945954981278053886e-01,3.234957165548210112e-01,2.308194932377179986e-01
2.655445109772877066e-01,7.930242122534324478e-01,8.675230891955733048e-01
1.280302740650158810e-01,1.740908459695256205e-02,3.204199939395999674e-01
2.032282819017569020e-01,4.358347299763778437e-01,3.682191573436430776e-01
8.755885651810886294e-01,4.799856954069714465e-01,5.403976850702416623e-01
8.016994463731184073e-01,1.248502385108241075e-01,1.844904859769944672e-01
9.348656685309961745e-01,4.506086494095655759e-01,3.548361626105481781e-01
2.473985169695945840e-01,6.175934424500623132e-01,1.093204209556896123e-01
1.698196177035327104e-01,2.721739078380543964e-01,4.162166477891269256e-01
1.927793869949162575e-01,7.485568573942801285e-01,9.932476744651187461e-01
3.347761576723685684e-01,6.867680582186064253e-02,8.307075950976603451e-01
5.380782277333181485e-01,1.227845781745815490e-01,1.911852087530863109e-01
8.370813236168910265e-01,7.985646313582287492e-01,8.232721351237002327e-01
7.192923157361426068e-01,1.500987189395880383e-01,5.288153092517461351e-01
2.823200018599113514e-01,6.793369254005640068e-01,7.681496157996103857e-01
7.540949272043282470e-01,6.336813802245926386e-01,9.971776650252522911e-01
5.900268866931770440e-01,5.476801437749826418e-01,3.028030650987183492e-01
2.799651371052692683e-01,6.343205125369775210e-01,5.338155483169220172e-01
7.148267828509138333e-01,9.240177660669532944e-01,2.599898514202031441e-01
8.953709746907748679e-01,7.883721616841881108e-01,3.137880252476797915e-01
1.389859187695777765e-01,8.005872699278926419e-02,7.465002324147129720e-01
5.869405071509083971e-01,7.365404400084707426e-03,2.042124709274344418e-01
6.214307562601669721e-01,5.139460068515684377e-01,2.248038040810675930e-01
5.730454442102274060e-01,2.958722821648753776e-01,5.838046926341239340e-01
7.232456620421595650e-01,6.769473602008232449e-01,8.525201924584043800e-01
4.098119147330492318e-02,1.369254638487304998e-02,3.367652848924924669e-01
8.038254221250349385e-01,5.297220473991227641e-01,7.316135039692535091e-01
5.613403075573106804e-01,2.449729541964421609e-01,6.503799371315382993e-01
1.641680390350737095e-01,5.208959885106854149e-01,7.635149066545693364e-01
9.257279364810373501e-01,7.036136921567576197e-01,3.844837869871357006e-01
4.589678709481833652e-01,5.595327308096633701e-01,6.838952190484737237e-01
1.417470760012361497e-01,1.997033085727961677e-01,2.154129422017846407e-01
8.556433268490593047e-01,4.534924648794991242e-02,8.472552963609274457e-01
9.892064864824809955e-01,7.288546940201018343e-01,6.816697582106259201e-01
8.533622730955012781e-01,2.336709122845939124e-01,3.782603182553687660e-01
1.171366520893224461e-01,1.028184531009888047e-01,2.768796303466173336e-01
2.304108517004536116e-01,2.993672792555202022e-01,6.259980430700914367e-01
7.888990358645203704e-01,8.147551465041988905e-01,1.333530531901577776e-01
7.030903945494385576e-01,4.128394624590024931e-01,8.983378567500359679e-01
2.244667122744385956e-01,3.573009953008813300e-01,8.997207636258774954e-04
5.447329823730656662e-01,8.408161750606268914e-02,2.196132809300826993e-01
3.138594538803957112e-01,2.886380144470734876e-02,6.776524648297053144e-01
3.102175832202309635e-01,8.895318112420858014e-02,8.009192649311419610e-01
5.387231613945284714e-01,4.798303376844795798e-01,6.371570487479806255e-01
9.157300260013054860e-01,4.248662988851648059e-01,4.134205584560352031e-01
7.909935709791736658e-01,8.137634205759041173e-01,6.477690770822857047e-01
3.662597201868665886e-01,2.267440308921853109e-01,8.839754979038105809e-02
1.600648240281833390e-01,8.337837643191409187e-01,5.417079576891541404e-01
5.920249085779982767e-02,8.752156969726816449e-01,1.664317006808466726e-01
3.518588220752235651e-01,6.307052367262639958e-01,7.419923989263221831e-02
5.036286960390778944e-01,4.385042764249555969e-01,4.216251428512884925e-01
4.546071421845683247e-01,6.980800775486821763e-01,4.200033335572096460e-01
9.200640163533972959e-01,8.397764419890578758e-01,5.242236052756136244e-01
8.208396371340822562e-01,6.958689032203557723e-01,1.168767051138592805e-01
1.567892858904378350e-01,5.372261425570179494e-01,1.216024147335501571e-01
9.305500330928356822e-01,6.764613406747003177e-01,6.231960624370886936e-01
9.445932710967057666e-01,9.521286886668430816e-01,7.321323068853523575e-01
1.647034887062580610e-01,3.516031723220222061e-01,6.811436334002407555e-02
3.823716852982936842e-01,2.968720688806423258e-01,1.918627904518437344e-01
1.053851250153878816e-01,9.920368508526203888e-01,7.512414039979706804e-01
4.146140114354032180e-01,9.616434603652231905e-01,6.296032001774684028e-01
5.546379861759593854e-01,8.659102470720555500e-01,8.807397092466501265e-01
9.991328229207326883e-01,3.269521657933933678e-01,3.769259784363184762e-01
5.268956871489998139e-01,6.868158135921825780e-01,2.328554901631433305e-01
1.896270645409525724e-01,2.462527787465860207e-01,5.747738684657267560e-01
7.245039182900600006e-01,3.773489998456450722e-01,1.525439241843409288e-01
9.707996285244132606e-01,3.786425832873611119e-01,9.186890957087924248e-01
4.026215831211354956e-01,1.495873181876895552e-01,5.133293006218697663e-02
1.125100123847571076e-01,4.023578122526442202e-01,5.331395361690890455e-01
2.635716457367761612e-01,9.518736330987325189e-01,9.993277397228803594e-01
6.005348101479891509e-01,5.096108007622714986e-01,7.451332696155571478e-01
8.663025099831119791e-01,6.224967242410633927e-01,4.677698519842919955e-01
2.026523624180394112e-01,6.171755312555583517e-01,8.578003596414894849e-01
8.265787740266713479e-01,8.749195656667740906e-01,8.367334083321200655e-01
4.638584528890159486e-01,1.859004385354974254e-01,5.842101083421386010e-01
4.260273776197298634e-02,7.593295362686550698e-01,6.366915891330160449e-01
7.581729041581194428e-01,7.954032185565618196e-02,3.767796120129671689e-01
7.094306863628062620e-01,9.748484073480361278e-01,9.234395019990915277e-02
4.719384557367692912e-01,3.365745986615908958e-02,3.678827977942782379e-01
2.580755880440451788e-01,9.305144906152721385e-01,5.361232999086212869e-01
4.206494672341677399e-01,3.422620487034810921e-01,3.133339581121692419e-01
3.836314206335463828e-01,9.383021665277915258e-01,3.194572056099155288e-01
9.963086762906665506e-01,3.133336078745067033e-01,3.683530907593547399e-01
3.111239236339381486e-01,8.858895017376717806e-01,5.877111364498840418e-01
1.814436302493176445e-01,1.706565517269668097e-01,1.139565298356041145e-01
7.427557846312335954e-01,2.378933085310550588e-01,4.780406875669352962e-01
6.780410337433504520e-01,3.741997689037899200e-01,9.348450306464725079e-01
2.638824495852624130e-01,8.992621958391476822e-01,1.351972699701636804e-01
3.077960055918737003e-01,5.559049590833323728e-01,2.219381941667227798e-01
2.003949160996196799e-01,3.247485073597756733e-01,1.260230783157190171e-02
5.833175325134184463e-01,1.763576488275009346e-02,3.590754005101824964e-01
5.766116287671417817e-01,4.450961637760978418e-01,4.657415116620521323e-01
4.151968878997664980e-01,6.130454699256224771e-01,8.261068992537404787e-01
3.684370689537551646e-01,8.722920848284678730e-01,2.710520278798833615e-02
5.459376365701644751e-01,9.918012043024915236e-02,3.969351161248672044e-01
6.201459118775051182e-01,1.147936483738360991e-01,4.384404199510888445e-01
4.408178927047176066e-01,2.295223296916589772e-01,6.147844669224317160e-01
8.711535698746654122e-01,9.670715901505259060e-01,2.129601844080938333e-01
6.590066263050964324e-01,4.285524668595103170e-01,3.683730176544061097e-01
7.440109597527054808e-01,4.343703140424232112e-01,3.006053719730193974e-01
8.193399810071488876e-02,4.310941283043160377e-01,1.095939180615763675e-01
4.076404561570089458e-01,4.996866712788005094e-01,6.829203918491995040e-01
7.991677277452730044e-01,7.618705168991595222e-01,9.046755399842216772e-01
8.787656340386609255e-01,3.164262688489586361e-01,7.734584667693025217e-01
3.013257113726142133e-02,8.828593957134049930e-01,6.180246395247320779e-01
7.662094269663158874e-01,2.322494980447202817e-01,9.270939468553507368e-02
4.723267634365609924e-01,8.923960651957359991e-01,3.473017589516680381e-02
4.399089904966722031e-01,1.138679404316155219e-01,4.801001182235165032e-01
2.804555252329766768e-01,5.102160360938617911e-01,2.717319629993563135e-01
5.398425152670868199e-01,4.862076239006567491e-01,6.624964315758078426e-01
7.949862517086322411e-01,7.317732243348520349e-01,8.998049062278229426e-01
2.720518370712941003e-01,6.637740340371556247e-01,2.232153375270952145e-01
2.200074400807361386e-02,8.727202782397692760e-01,3.183732386507623913e-01
9.317634978445490379e-01,6.687520107039612860e-02,6.104980437036945373e-01
1.024792589107900165e-01,2.844069147054586466e-01,2.500957118724645989e-01
8.299833303072147173e-01,3.771525727588924681e-01,5.972462809933025696e-01
2.087762732266336130e-01,1.333636176518071537e-02,3.103012416537542784e-03
9.438023948797589213e-01,2.616892707594551393e-01,9.077635711851211875e-01
8.381799958188573818e-02,5.060321072726894354e-01,5.636640583750289757e-01
7.202477469668631116e-01,2.086332195362816666e-02,1.229617787330763434e-01
8.447517354826069580e-01,7.846080243298916290e-01,2.263848628380378258e-01
4.351572291235646928e-01,5.996978992366186478e-02,6.400305456066125442e-01
4.823121326991038904e-01,6.404471797222112128e-01,1.975875596599723227e-01
3.205190590057419575e-01,8.799369301958039902e-01,9.985937552557067054e-02
2.111199815040436523e-01,4.090082048547262206e-01,2.167124308624709395e-01
1.593331869173284510e-01,9.093509376190924698e-01,5.218495555643352102e-01
9.645682956495817972e-01,7.221442728796041433e-01,4.584052453249978232e-01
4.171268707678110754e-01,5.312123511336978021e-01,3.611107157518215205e-01
6.747498584561150148e-01,1.881774083864495850e-02,8.954198048636548002e-01
4.658377908189620387e-01,1.996227643158107190e-01,1.582863281576010195e-01
2.700656997028844097e-01,3.812391557325700564e-01,9.566605875277220949e-01
4.788201287546471896e-01,5.156821608994125450e-01,7.411404138240574868e-01
6.729012082907827041e-01,2.537525185024791519e-02,8.993578508948920636e-01
8.096043109046014985e-01,5.264831040967431486e-01,5.023653242684291698e-01
6.002545141826642894e-01,2.069377047666117742e-01,6.017209397642500068e-01
2.224288197160836367e-01,8.291327091700612106e-01,6.557437380014290440e-01
2.237081989686194872e-01,1.869218313169146439e-01,6.847066976826472473e-01
4.126765228932172125e-01,9.682109125279714235e-01,4.656224813522881201e-01
3.973854335113988778e-01,9.448887618880067452e-01,9.153258469863434499e-01
3.029019438249386242e-01,2.888946233285619725e-01,2.372083083942685411e-01
6.702762592649665896e-01,6.738206780279840657e-01,5.550175610039671525e-01
1.041757707333595961e-01,2.294964155669481087e-01,9.873734968564917835e-02
9.285812512973675714e-01,3.597150169024577737e-01,6.972923195240745553e-01
6.026082085185187065e-01,2.301059929658919589e-01,3.938181578047008635e-01
3.916385415201562026e-01,3.249436373528211686e-01,5.828718042848684000e-01
1.538468594683147783e-01,4.553606728328190023e-01,2.864495887131347507e-01
3.356289774026016692e-01,6.816318402476051475e-02,7.780794700971964684e-01
2.467182337347328946e-02,7.175680682801464094e-01,2.766423387459440164e-01
8.625083693052191247e-01,6.428760410535627745e-02,3.218291371140382662e-01
4.828389781930149116e-01,4.012360006928105127e-01,5.735789244818223498e-01
3.312742246566809934e-01,6.893139723994176071e-01,8.062897634580643569e-01
8.966515647087547336e-02,8.752349240950582088e-01,8.156736463676563798e-01
5.838650884247599260e-01,6.637272572045515018e-01,4.804308440309538186e-01
1.811203716540129571e-01,5.618314926894854011e-01,9.244520956617888752e-01
6.648762031720588661e-01,7.887545875841754928e-01,2.621335998960507840e-01
4.697569431095468540e-01,3.736902606228429402e-01,2.769923000456742113e-02
5.659989834319951729e-01,5.832748544483136177e-01,2.637577563367460298e-01
9.753133727652940621e-02,8.040863773735875686e-01,7.861153246040626374e-01
3.779886486294784520e-01,9.083316515786088452e-03,7.541000506035214768e-01
2.167766715706942460e-02,2.686550549448827319e-01,9.984330418516085270e-01
1.063021918043718372e-01,9.724163743274154559e-01,5.231623283669613045e-01
8.974307129689662599e-02,3.451057096832631510e-01,7.387523935812382314e-01
4.895212740878787105e-01,3.072434639923473654e-01,9.008300471652819219e-01
3.314997740048161168e-01,1.119685172575236587e-01,8.567092901837506380e-01
7.118475629729138499e-01,3.371525093987340904e-01,8.270118937164796513e-01
5.057185856691481796e-02,3.462077976827294679e-01,9.626729180639351791e-01
1.173802100204248688e-01,6.033429642548073790e-01,2.981284319472722322e-01
7.906557422190009232e-01,6.405119219955934806e-01,4.597527457274602769e-01
7.051002413331235452e-01,7.036312620708703447e-01,2.729572625770937400e-02
7.588882229838461724e-01,2.539159403269938275e-01,8.236968581351855612e-02
8.803967061318985765e-01,2.953947419975471167e-01,9.031034709038388009e-02
6.488105130386281338e-01,8.058745288327873180e-01,1.624120314780160834e-01
1.345403632962431928e-01,3.164698962817502625e-01,6.161171289774496351e-01
3.793436164160758350e-01,8.500192355036478853e-01,7.343840244210066981e-01
2.657837438950969577e-01,6.562996126364518679e-01,4.355774036264804527e-01
8.564202302868776373e-01,4.051709428546507175e-01,2.266103271227403182e-01
6.913146964960230623e-01,7.848522662445517328e-01,1.404150922896563181e-01
6.528905510904345899e-01,5.837481935397575983e-01,5.864612434809691743e-01
7.819626142678537395e-02,4.590784038152642133e-01,6.649329292159553706e-01
4.003383834466702762e-01,8.345470203287422839e-01,8.173622173498511501e-01
9.636413927165684568e-01,5.449077711015002379e-01,4.222447029134123175e-01
3.385532964834828684e-01,3.312238141532920510e-01,3.311718740332617594e-01
4.825300447151263938e-01,4.303531615786551079e-01,8.888123939232663862e-01
8.391747894741946601e-01,4.043943278040490474e-01,2.072334295689856054e-01
4.027253506464320010e-01,3.880114459389978343e-01,9.880216013714658851e-01
5.973909218622283079e-01,8.821583090972252572e-01,2.791052373728275526e-02
9.649535174873908883e-01,5.029923754308063266e-01,1.072889205491213138e-01
7.493614636254121164e-01,1.590886233363594249e-01,2.756812031790969453e-01
6.620995927871383691e-01,5.795670684931264471e-01,4.725250824638685954e-01
3.258708575542577091e-01,4.600195029232703181e-01,8.666544200636242534e-01
1.670485274515720597e-02,6.538979909447908412e-01,5.413008843515979551e-01
9.939304889452726943e-01,3.260301186232452686e-01,9.448072211339666460e-01
6.345898697093376173e-01,9.282426445797473669e-01,1.610689643894674949e-01
9.056983058642480433e-01,6.727653018452899314e-01,5.803820137756341424e-01
1.613727526323250894e-01,5.248781051529900488e-01,2.585254149673950064e-01
3.906487354060346195e-01,9.891450507871838438e-01,9.713099516212209128e-02
3.528941052431611158e-01,8.225767417335306808e-01,1.322882127975851807e-01
5.262119760747400177e-01,2.853960539709400335e-01,1.212536314899991252e-01
3.156261681869654279e-01,9.900478691933384257e-01,8.164816344281550231e-01
1.583659717800327549e-01,7.902204691012315596e-01,5.826799451112851802e-02
9.540148676730917376e-01,1.363674484089688610e-01,6.517530700498164187e-02
6.501720438739851948e-01,9.341302993300184543e-01,8.475550119381084491e-01
4.338379233081929298e-01,6.273626415541978529e-01,9.365562044958917198e-01
2.023657364137658732e-01,2.562552759949739967e-01,7.044531152290371967e-01
9.701708364054570932e-01,2.984304637785338832e-01,1.685264813484401714e-01
3.524824794939405148e-01,4.087620675260299485e-01,9.113789953474236150e-01
7.991352580493105151e-02,2.409294132259146570e-01,9.717065363787312782e-01
3.308822955420639422e-01,4.839780301721807731e-01,4.366846988128095797e-01
4.499639494170473153e-01,4.294677270855000728e-01,6.467787371586138923e-01
1.028417579098120926e-01,7.587270030094077633e-01,7.475150444092691915e-01
8.662273802639312015e-01,1.593645363090763212e-01,3.905020636516789434e-01
9.775923545929692260e-01,3.063511495473576485e-01,3.287407704070640646e-01
6.011732172535598773e-01,8.004659537982627970e-01,7.270825334815176344e-01
2.611286648628738938e-01,2.502004816251707231e-01,3.043906047341815579e-02
9.845837047659927732e-01,8.002648534898353372e-01,9.945927603753231816e-01
3.351219292585383425e-02,1.625091951181545369e-01,4.879576372959171238e-01
7.608914183747585991e-01,9.980834850999528163e-01,5.299233253635244889e-01
6.013755737218121622e-01,3.784958930079352912e-01,2.981315443576995072e-01
3.495018566242612534e-01,5.649907801535629659e-01,9.045946159538333919e-01
4.268307565239096713e-01,1.255094952733372127e-01,7.928868225167848838e-01
2.548947198180862017e-02,6.444993588549065011e-01,5.450681783098084709e-01
9.199181820595090375e-01,9.435827146184604386e-01,7.155173384678519266e-01
9.621366844041168154e-01,3.582537200267321698e-02,1.162371399495525370e-01
9.169334079240526458e-01,1.520430294089490930e-01,7.508419474776706348e-02
9.172014672719678297e-01,5.550036803591497092e-01,4.192832291286537894e-01
2.520693003809181265e-01,9.248404428046158587e-01,9.947772765345860302e-01
1.600663884072887067e-01,6.706039109514719820e-01,2.376073989642136786e-01
3.849557203647531178e-01,2.493517228730021129e-01,1.470131949719301057e-01
7.915445145400487048e-01,5.125251594684275824e-01,9.683374433592879527e-01
8.135264864906249782e-01,1.677676375639645112e-01,5.327110400960370917e-01
4.269386904374803393e-01,6.682807547081001109e-01,8.425957954326768196e-01
5.092211028168117659e-01,7.555578153725284185e-02,7.773395183328215552e-01
5.259373293649932668e-01,9.789682082627604309e-01,3.273693835946980268e-01
2.210494363261509276e-01,8.518912936547606840e-01,9.043089020306577241e-01
8.264860957960279420e-01,9.077528377692483108e-01,6.291422220626896600e-01
6.942457374736277220e-01,5.474864590060659619e-01,2.562509603184488505e-01
7.032097747604484361e-01,8.316886475621844133e-01,4.183171993144133571e-01
4.116763880532847697e-01,6.724487074028879796e-01,3.768646337217396169e-01
4.264820904093697962e-01,8.738475841054663684e-01,3.769815946385767225e-01
2.008331692677983726e-01,6.188323867618694685e-01,8.982197630519572762e-01
5.623829428851744305e-01,3.595894647864812388e-01,1.251119117135135461e-02
5.026774583031337063e-01,4.620740941472921692e-01,8.526259261444546489e-02
1.487724988375085378e-01,9.303570625344873557e-01,1.645878996647476278e-02
7.887012073746855201e-01,5.061548911301179121e-01,6.468870074448851426e-01
7.710793108987415989e-01,9.044256302262512204e-01,5.500678014240650837e-01
5.976102526215310018e-01,6.515553270128856544e-01,2.274544072457473920e-02
8.862220038016698220e-01,9.969925950049667307e-01,8.554286930580425885e-01
6.360669465596708871e-01,7.855227748846050906e-01,6.448043115941285430e-01
9.772951597905941146e-01,9.336731840789695980e-01,2.213622256622556073e-01
4.023973003224682321e-01,2.289201685492994187e-01,2.179740492013821918e-01
8.105620060969086493e-01,1.922089257231146542e-01,1.010634596337247615e-01
6.037769365962089019e-01,4.714483391306060200e-01,5.792273401875728256e-01
8.455637674120192182e-01,6.742543695550269334e-01,9.838436358730485720e-01
2.180259158888779858e-01,5.893175327024313681e-01,6.919956180625800313e-01
1.206485868179476562e-01,9.305887146548091904e-01,5.859859914076330778e-01
1.945349598793451040e-01,7.267132308958815790e-01,5.688445008107270162e-01
8.815933606234047648e-01,5.397164961373972503e-01,6.441247142817035920e-01
6.016896104975896220e-01,5.195881706246997522e-01,5.938813382984521327e-01
8.994759878595331992e-01,9.853724783006134746e-01,8.371298505973854276e-01
6.889156219883859622e-01,2.085557319306607926e-02,7.884857139182905872e-01
6.980437640800706278e-01,5.169107432781984146e-01,1.597103911887004513e-01
2.820400849525719345e-01,2.434968057398240182e-01,8.807179128575535199e-01
2.164433004707219110e-01,6.363714977191972100e-01,1.366604566739263449e-01
1.516747346160001175e-01,8.357595575853683512e-01,1.647225199812282215e-01
7.099707269129362786e-01,4.418818263503154764e-02,6.902769248400268953e-01
3.814077486611837653e-01,2.085504528090936782e-01,2.481248648569251980e-01
7.560039120587850325e-01,6.268135578561929711e-01,8.107994707206918061e-01
4.536809873667188020e-01,7.694012442048452360e-01,2.735176928909350824e-01
4.139200980612196545e-01,2.810234411910761398e-01,4.423724600942440244e-01
8.302811692565992274e-01,8.862863818751119949e-01,3.481059042357560473e-01
3.836331875900969024e-01,2.782158596010637641e-01,9.848105810049506692e-01
3.556477769606999351e-01,1.936797628218223100e-02,3.658038012470267164e-01
3.694319080551802248e-01,4.062456127337084055e-01,2.927698582065375588e-01
4.177707844103970558e-01,1.869116841423933417e-01,9.157074379371391570e-01
5.706274125815995468e-01,4.278950794140641278e-01,7.555742778293969009e-01
8.967232802926164981e-01,6.081446847518320320e-01,8.033265833149147994e-01
8.427476722920468344e-02,7.603116641972402778e-01,6.541104610811343534e-02
3.469640121403084754e-01,7.704797647182872744e-01,8.159613756339902935e-01
5.347590047248641509e-01,1.155368410473444074e-01,2.140067383394275158e-01
9.932744959859862721e-01,9.343902885780495104e-01,4.814629965221992602e-01
7.058683255870056295e-01,3.153378598279421574e-01,4.928163616764946742e-02
4.990584481418075535e-01,6.596508779943156542e-01,9.261374870099132739e-01
8.790307191199541181e-01,3.856664350574872113e-01,7.882362658753780948e-01
4.612153522278853446e-01,5.462398664134465731e-01,9.592378356927880878e-01
8.366283247514642030e-01,7.904165082759336824e-01,8.249881968296275403e-01
2.411989661533824325e-01,9.765370658522838365e-01,2.583160679825631245e-01
5.508502921510450845e-01,8.044072194954724475e-01,2.218631358019985678e-01
1.479091912369878692e-02,4.400727518604059529e-01,4.731123598528741425e-01
9.657441767540768662e-01,1.960692369216049391e-01,4.600137498682962400e-01
2.910201259751692415e-01,3.223221470358499374e-01,2.265183436519776494e-01
9.639445746817362215e-01,2.888952324027671548e-01,7.859656912436844278e-01
9.258039536801270231e-01,2.194606271169885492e-01,1.994665007878031471e-01
3.157081906858227871e-02,2.726471903774854155e-01,5.798366404549522013e-01
9.544258734086852325e-02,6.022280248839579908e-01,8.452659054256420612e-01
4.133902234231102701e-01,8.805544323697009901e-01,2.649030121447136787e-01
8.623967086614945377e-01,3.717576305997489783e-01,1.437455939911186364e-01
7.522981291197121667e-01,2.663166597801415181e-01,2.920750661578087604e-01
1.441915982213167746e-01,1.924650927963457159e-01,8.699006594605174225e-02
9.633498741912638330e-01,6.332974824041804895e-01,7.191709252608164959e-01
3.201240871536460419e-01,2.893207446416357076e-02,5.545348327954462420e-01
7.860916947889335926e-01,1.708008434100394268e-01,8.118681556499185437e-01
6.789420159943645450e-01,3.947835448352599030e-01,8.247993206911178321e-01
4.318792668034994175e-01,8.212553721934153783e-01,2.889074665078448234e-01
1.125843612978881803e-01,2.029420585105444763e-01,3.484580632048770443e-01
3.346334019447074759e-01,6.019750025827654838e-01,9.527698970249545152e-01
7.108836376258885759e-01,5.911128451206965062e-01,1.722136554274247278e-01
4.707995169708467653e-02,1.517693426887102293e-01,2.346346079414357577e-01
4.401004859276345105e-01,3.202407283728985199e-01,1.529251165450224992e-01
1.518449896296478752e-01,4.678790414196096759e-01,6.529048554040273178e-02
9.357385102071396066e-01,2.024132871748199891e-01,2.437201261998552804e-01
9.991206082451234982e-01,6.340291011097909379e-02,5.787800187293568044e-01
2.543590590882002234e-01,1.866135074199494204e-01,4.851305210104479571e-01
5.518619323960456402e-01,8.183637761787428966e-01,9.693167691406584519e-01
3.384364443574616743e-01,5.102139760530955970e-01,1.880709717744840637e-01
6.327923637976984317e-01,2.936948018313312314e-02,3.397901303712638210e-01
2.748551437826527444e-01,6.834526502743153431e-01,8.011382653178689139e-03
3.945181756181420640e-01,4.657701450713822577e-01,7.821386209840643922e-01
6.976293609132054874e-01,1.829772250158495650e-01,6.568959000322586173e-01
9.614745711100251002e-01,4.364709085976349323e-01,5.963339414256513260e-01
6.978572757118112202e-01,9.009796816440791556e-01,1.437817239656659085e-01
9.861353062177233841e-01,1.925614382825139304e-01,5.028987686280687042e-01
7.879086898814480211e-01,6.627154320138648469e-01,7.626137006441453536e-01
1.406536937595066483e-01,7.144513410061589243e-01,3.575175004595572137e-01
6.173517968782682441e-01,3.467953879894780655e-01,6.473670402604096985e-01
9.810629050150576624e-01,1.395100541611909994e-01,3.742229982794254006e-01
6.796033635211732316e-01,4.719003813689353066e-01,2.630204502487709650e-01
9.903176345772494171e-01,6.640546414200231284e-01,9.473801086381394843e-02
2.775775743922377359e-01,1.219608476826312682e-01,9.124395240341321989e-01
7.474926370055233749e-01,9.097663827983161200e-01,9.217215119203847618e-01
6.110665884174648621e-01,2.611532498924310497e-01,1.417944693736304940e-01
8.779792854560763971e-03,8.349377011265082249e-01,4.469596803323371281e-01
9.740797663731157741e-01,2.482254548701511299e-01,9.018459861274696898e-03
3.587511475548048612e-01,2.034443836012472806e-01,4.760731474531305629e-01
9.269054841107196019e-01,4.017265990917493479e-01,9.889096434042216055e-01
1.772369385915506523e-01,2.114076424729089965e-01,2.008446738597587933e-01
2.016138043333965957e-01,8.330232448415505475e-01,6.275556750947932638e-01
5.037920226556367176e-01,9.489166580289386532e-01,6.870153604254465307e-01
5.115614927775598009e-01,1.543133511733787433e-01,4.973158896203044854e-01
7.340746469792698292e-01,2.864624496493063388e-01,6.269899429580549910e-01
3.722956656317968349e-01,8.135220072930993140e-01,7.844184650864927111e-02
8.368067425162017958e-01,7.283858132064647828e-01,4.029870071311488777e-01
6.964162089939498479e-01,3.162773538938279394e-01,8.547355184543192763e-02
3.786211132335106644e-01,5.158507965303550380e-01,7.567637089686066743e-01
1.979854551910698035e-02,5.102439428660198173e-01,4.083916340418687341e-01
7.163661239253444890e-01,7.313774108892849846e-01,4.342336182735158090e-01
3.289600532686851597e-01,9.126139330557290208e-01,2.121481480814095821e-01
4.157747472807973299e-01,6.089625390347800371e-01,7.411232884252449971e-02
4.505026668544351853e-01,6.934715327713210087e-01,9.067447052066990310e-01
4.115643813591424172e-01,6.244337546972762443e-01,2.213424257412166529e-02
3.478531759485924413e-01,1.981544506321527566e-01,3.766808180588601118e-01
6.467737032874707470e-01,7.369985955818982859e-01,2.831368039407399229e-01
8.845078624975447612e-01,8.714084290924605236e-01,9.443659967716930836e-01
5.535264489613120897e-01,2.218483967181219541e-01,7.024373823449518994e-01
8.221367002690327386e-02,8.084106328949924869e-01,3.876407327142713521e-01
7.145377655374290926e-01,4.640562247376323057e-01,3.309620092030958194e-01
2.621771896588365180e-02,3.260790382572484880e-01,8.964054535404971658e-01
5.572626621293934601e-01,5.427637307801355115e-01,6.510036477625754658e-01
5.833800897222907178e-01,4.867386781140622398e-01,8.376338544483099557e-01
1.043687948797574760e-01,9.521195420216628236e-01,7.978793563164220393e-01
4.752201041416579397e-01,1.306612285945989438e-01,6.475997702756171037e-01
1.203436423379369291e-01,9.445504270184741369e-01,5.912085098267524375e-01
4.015576173646698832e-01,5.368121473742206717e-01,8.051318898978206962e-01
2.978663141829063221e-01,8.831540765779247737e-01,5.973064640253348268e-01
8.136207676831812563e-01,8.699244885260417615e-01,6.201897320866417429e-01
3.832953636401192909e-01,6.413034013789907783e-01,1.502798691781024321e-01
2.003712288780704620e-01,6.800962935666297060e-01,8.431311093502752430e-01
6.554127410746680704e-01,2.778627236751762819e-01,9.411970182410528407e-01
7.883042999688617547e-01,9.421276497360657753e-01,7.773783698274491227e-01
1.107675157758236661e-02,5.135960999990163423e-01,8.412746664292436449e-01
6.399404451404411276e-01,8.095380676059910074e-01,3.402595072471635840e-01
9.080915684611097216e-01,1.325197225502862119e-01,4.087588083975323139e-01
4.553630426764369021e-01,1.364217200643558225e-01,7.356829127949235936e-01
6.873221366974946456e-01,3.337653866829878302e-01,6.038444586805322700e-01
2.755833875760176355e-01,9.680956501909088185e-02,3.714463980831317347e-02
7.261043997565032049e-01,7.429975492538661852e-01,5.247020046529060622e-01
3.125040541215318157e-04,8.900331705322556131e-01,6.666805857657319700e-01
9.549657007922597307e-01,9.921221675903495463e-01,7.704761755662276057e-01
2.886919769878900643e-01,6.434012717977055651e-03,2.134290384850571209e-01
3.962714474933670683e-01,3.084158430837036224e-02,8.176534311969735347e-01
3.138487447687307030e-01,9.472559992630247283e-01,6.989960056173519787e-01
8.209470116439238074e-01,9.000296947378479961e-01,6.147200740672157382e-01
9.860552445190415849e-01,6.572747747646852101e-01,8.488391849746546036e-01
4.086844890955732001e-01,3.344123144525561475e-01,9.891442761667920136e-01
4.876099569424028335e-01,6.283560666843351905e-01,5.239311242728252882e-01
1.475519741745221491e-01,2.903287136340801933e-01,9.222105302997295473e-01
7.491649410251687291e-01,1.918865704447408893e-01,9.262774833746156844e-03
8.150908769870460757e-01,6.445069917156772688e-01,4.896062719226242921e-01
8.264461432404969221e-01,7.328651078513580552e-01,3.612428747579905508e-01
2.563930391054888291e-01,7.779797822883941505e-01,6.625275722520387323e-01
9.328267086224542037e-01,2.594808689962690984e-01,5.680954744705242199e-01
5.297442085919690236e-02,6.702577640784898039e-01,2.925798849908312071e-02
9.671869779172191928e-01,7.438535112112640846e-01,8.660865643665843772e-01
7.454868386375966827e-01,8.014794230418743615e-01,4.433295180341099151e-01
5.285386602781150245e-02,2.757783605511426872e-01,9.357905301631165296e-01
2.953272259164214653e-01,6.729631701581951786e-01,4.599300046876042547e-01
6.187913927706490957e-01,3.301799840309073142e-01,3.703482908370622217e-01
2.392359600242639495e-01,9.429074351023185585e-01,4.770095656349973012e-01
2.657050677768920677e-01,2.517549091572015563e-01,5.196362440065608324e-01
8.467478758136158801e-01,4.140691137647009024e-01,2.454866762806843239e-01
1.347067311857960137e-01,3.794643044520846775e-01,6.234651685214839256e-01
7.046435246119675533e-02,5.839091120111639110e-02,9.761218767999453316e-01
2.116612498074141868e-01,6.695071070203808539e-01,8.400547261358983775e-01
1.693623841741497271e-01,3.992305525214076001e-01,3.973227204749329999e-01
2.796544205906363878e-01,1.425416896244724452e-02,6.529425872159533295e-01
3.575830935761989959e-01,6.704296871703165905e-01,4.786264209334887276e-01
1.807379290892753287e-01,7.560930247822692518e-01,1.444871668844549539e-01
4.086295888337271309e-01,4.033169734844910259e-03,5.363761629193439795e-01
9.269631394652145806e-01,4.759749915386219943e-01,1.627617529656506523e-01
8.456636026519939175e-01,9.477934402974480532e-01,2.919538484324044614e-01
2.499050277422820709e-02,8.363786298405906372e-01,3.575545942172477787e-01
2.099977857282551152e-01,5.429754681541438810e-01,5.320173140026962511e-02
5.088490060013046712e-01,7.993618050415177700e-01,3.228099189285509318e-01
4.497412685000825583e-01,4.517960102189705340e-01,7.309362743648306626e-02
4.524762533727783032e-01,6.812392217154144003e-01,2.542567546838619963e-01
8.698367070451217264e-01,4.282480714319353288e-01,3.754155241248868791e-01
5.900998152460119606e-01,3.985351949934580196e-01,3.174285209633780358e-01
6.769303976258964628e-01,2.553479257976684069e-01,7.420151629216195088e-01
5.891691599621502462e-01,2.379460418219062623e-01,6.136576522084048468e-01
6.551644731287493695e-01,5.428499224323045658e-01,6.185631910655129406e-01
6.706506598204677871e-01,3.565412248958518271e-01,8.715075249874032481e-01
3.980441602279960467e-01,1.276083250800731372e-01,8.010139587018986207e-01
7.697953123766092531e-01,4.547004474581749500e-01,3.579761237417555808e-01
4.912457919827997177e-01,3.115076707637254305e-01,6.589057546479784033e-01
4.592422737154853163e-01,8.470666438531234688e-01,8.558820176949297753e-01
4.528923086064302606e-01,4.639332627671950426e-01,9.623321190544230630e-01
6.540374356652969290e-01,1.520835775302484816e-01,3.133242218712239957e-02
5.499631935145115058e-01,5.227159876212226219e-01,9.032611344656127361e-02
5.567104210416380372e-01,1.935452063154338154e-01,1.290210934918206709e-01
3.446875442563902547e-01,6.442556521884268417e-02,7.767249291553026680e-01
9.925809605906399380e-02,9.769521598573955856e-01,7.353980736718366273e-01
2.300330750912449318e-02,2.984056694320335046e-01,9.999932580936092830e-01
5.766644909836227129e-01,9.051345794890819363e-01,7.544698374733249668e-01
2.952733021927359536e-01,1.715294437525465288e-01,5.799601616649855407e-01
3.000182799704330661e-01,3.676791693373018255e-01,4.313535050654404568e-02
2.833297190920658348e-02,4.531248829788747656e-02,9.118800803345804562e-01
9.974685734525334802e-01,7.780899604092125221e-01,6.660886942193496862e-01
6.184492614542467237e-01,4.931087812254774105e-01,2.584223385000744555e-01
8.873403261531306319e-01,2.820216875884852259e-01,4.242110507966669886e-01
4.305696058307979524e-01,4.982367149726149025e-01,8.005508102550088489e-01
5.583644261565877676e-01,5.712384969173212035e-01,3.968975638117013816e-01
5.063073045613846190e-01,2.077815606376000046e-01,1.070844105663795176e-01
4.875582445782814522e-01,8.263649454576327269e-02,8.917939081111687649e-01
5.214344479003794053e-01,8.189438316614807700e-01,8.537768207471730930e-01
8.307007988504184759e-01,3.418618467449640042e-01,6.658280580323218123e-01
5.440430004706726663e-01,6.771048435385034203e-01,6.368231236213015567e-01
9.147688901224493296e-01,8.103947483467202062e-01,3.130308608093135270e-02
7.565899768307443596e-01,3.041201103904001002e-01,8.660495776791090616e-01
5.879908779483605796e-01,8.003633436816607327e-01,8.283172547713424372e-01
6.588526003316134139e-01,1.738106591689665414e-01,7.824937571437323713e-01
2.805062412494188084e-01,3.949457692937352604e-01,1.417417386795438716e-01
7.369420278702867311e-01,4.108474418200188660e-01,8.653122865794588003e-01
2.841887953274655487e-01,4.168544440972812293e-01,8.618312828820763327e-01
7.822905284173299334e-01,7.846861978402955851e-01,8.797066087945216717e-01
5.343635679221854229e-01,8.460365341303803799e-01,2.129945196902925941e-01
7.712280548739680608e-02,5.893473687747177170e-01,6.338807085799266217e-01
9.471365527630850600e-01,5.729762474616444390e-01,3.683085535212078376e-01
4.284435228550325103e-01,8.821806448065527828e-01,2.018068191159095859e-01
7.250450704389481693e-01,9.664693633585687005e-01,6.243532522802676121e-01
7.211496351692313622e-01,2.961638344342646390e-01,6.417573786503537603e-01
3.301453329846639750e-01,7.700425483427418838e-01,3.302809069361556382e-01
2.738959531805731373e-01,8.290590452799718735e-01,1.328666986697587538e-01
6.220967369175746109e-01,8.843822057178821749e-01,5.320915670534610564e-01
2.347343424355552433e-02,2.190912679464908086e-01,8.026606116661905155e-01
1.654162338492615181e-02,6.854000355689515711e-02,3.187352224966809588e-01
4.053490628508985560e-01,3.850489908939477290e-01,5.475067358675048679e-01
6.799669677946218460e-01,6.742631882327486670e-01,4.076913650852732607e-01
3.527747445321111064e-01,2.222093112534982984e-01,5.044660072977900089e-01
4.351408509432123095e-01,1.087516075105355862e-01,7.112137709334372948e-01
5.257542067367083627e-01,9.594771954574334849e-01,6.134455656288172465e-01
1.383148288990642127e-01,1.961021693730735649e-02,2.641028289471445412e-01
6.650100244223440260e-01,6.691936894759599186e-01,8.861130217284429733e-02
5.107996233558846910e-01,9.626283670689338434e-01,5.469211770314001964e-01
5.399951777765017447e-01,6.418546804624587487e-01,9.047428852607100058e-01
4.743951161793809046e-01,7.624850156494890063e-01,5.441614144084370164e-01
4.906971872396578283e-01,9.344089742965100420e-01,8.005459014183791133e-01
6.767347377592799473e-01,7.622705094564706796e-01,8.389711894742102327e-02
8.200239010019847452e-01,7.760481981695157572e-01,1.864041588047556930e-01
9.256659957552287876e-01,2.710897182028432217e-01,8.925639140218653012e-01
4.151325793752599358e-01,6.416390352587888479e-01,1.715060714771430295e-01
7.268906311737511894e-01,9.974779388810985914e-01,7.900722737182457323e-01
6.044376329548947213e-01,4.814754602247257598e-01,8.345280389419585942e-01
4.312281027830904279e-01,3.815674505404833550e-01,6.333409302549566355e-01
6.109505738752529780e-02,1.118705837448062956e-01,1.309085746331146716e-01
4.373929651058386936e-01,1.982136468987907296e-01,6.125559686690534855e-01
4.841319124283828268e-01,8.597289014951827735e-01,7.509965835490242103e-01
1.069345535129477831e-01,1.546868914544631268e-01,6.667782430575804886e-01
5.731431571845191364e-01,7.013649710030345208e-02,1.021083481616105182e-01
9.169600763927463483e-01,7.724013962899659580e-01,9.062073875240677090e-01
4.586528438361837656e-01,6.112980432223624749e-02,1.226643206090283211e-02
9.949392328907937788e-01,8.921175146912432297e-01,2.605320852585968350e-02
5.166550921020617304e-01,2.319343311064937518e-01,7.981618585123824161e-01
3.026529637483668100e-01,1.026003567172614206e-01,4.923316385265427142e-01
2.683335817336200968e-01,7.249129071231807941e-02,5.461885409387537971e-01
5.346473590287755817e-01,2.667123320136346454e-01,8.540592427837758738e-01
5.959976673088809296e-01,7.092535175064760278e-01,2.441468709637304446e-01
7.490163507659222120e-01,4.229049744656825371e-01,8.072565158036416610e-01
9.200553034670067021e-01,7.783904028959256483e-01,6.626405046942204224e-01
3.265859624672939887e-02,2.469571982332341431e-01,6.266548899576057652e-01
7.424782972817565163e-01,4.907329692621912320e-01,3.442740732763027722e-02
5.991920139557461722e-01,8.528392685918939620e-02,7.307449057080306343e-02
4.715853892068074815e-01,9.840346396570552878e-01,8.161293967402429850e-01
3.552603560356886181e-01,3.781955176244513606e-01,4.674368534614565807e-01
8.709071000343282520e-02,3.122010723023854739e-01,9.681938343166998084e-01
4.558003619915605986e-01,6.376540086237145744e-01,6.199340032585631821e-02
3.294855415351378713e-01,2.287295303511519551e-01,6.707713824909271594e-01
2.723834381752212597e-01,8.274801053742121271e-01,9.966773139035232099e-01
9.096616024655382882e-01,1.467682738422479982e-01,1.807807417010620643e-02
8.337474503759383371e-01,2.942264641243584888e-01,1.808722688583497273e-02
5.265893398835278516e-01,4.780326395971793429e-01,1.165755618124671988e-01
7.875361686034053621e-01,8.244830490700721937e-01,3.004014120883280459e-02
5.483263072750512723e-01,9.569492933222945030e-02,5.914047120145125014e-01
5.850630097293152421e-01,6.491980428748389542e-02,4.522732351783806948e-01
1.310106841330704874e-01,6.069485171146976610e-01,6.467305588973436548e-01
8.445546502567956582e-01,9.228967428097341053e-01,5.786385934124521624e-01
9.983488813507218618e-01,6.317007809037782362e-01,9.323142390531037327e-01
2.270755760543251567e-01,5.491282631441359863e-01,8.174604759326578041e-01
9.950627606482906895e-01,3.056998433288936612e-01,1.908405696948846098e-01
8.708471414431095958e-01,4.589755718888399727e-01,3.941315448739758365e-01
4.090255789265330177e-01,4.216438289781055948e-01,7.568732818730267153e-01
7.635891260813103543e-01,6.927016057589407971e-02,2.004620476454099798e-01
5.825800033154638902e-01,9.588625530667787000e-01,7.161856156750122659e-01
5.675406744515465451e-01,4.551313732169688375e-01,3.634025254236306068e-01
4.358596665211693644e-01,4.329067389506502384e-02,3.699843256141432946e-01
4.049621817694968318e-01,9.533316813071313067e-01,1.723543029276102256e-01
6.231172611308269937e-01,7.969568628174283909e-02,8.978285137340068500e-01
2.633867472386977049e-01,9.184661142123936584e-01,9.552336129544374277e-01
2.573605301410487600e-01,3.973043682416552702e-01,6.790429347154570694e-01
5.959226973754375711e-01,1.489441194792838763e-01,1.106876925085805707e-01
2.032643490419570043e-01,9.461723993194885995e-01,4.279095881360229781e-01
5.411903567048108599e-01,8.193636127608807662e-01,3.080747429432394435e-01
1.083313819199767103e-01,9.105280065097591802e-01,1.455328675347977718e-02
2.259079455371983958e-01,8.243967676457334415e-01,1.869355665650709319e-01
9.701218200528761715e-01,6.441937363088273694e-01,2.217517130442553386e-01
2.607069396924470706e-01,5.030836954495438995e-01,2.960083949036849127e-01
8.706445540806533323e-01,3.937017297118317050e-01,5.570081819329923967e-01
5.142775034158169056e-01,9.971743577290737015e-01,2.270192431349323803e-01
7.190848841657091484e-01,4.068127725125244565e-01,4.540938901546287543e-01
6.692105764404128188e-01,4.122651221761021167e-01,5.505925040881721744e-01
6.239481601935381594e-02,8.062976696074778404e-01,7.382541675543293769e-01
4.041542539951892277e-01,8.998528613842505797e-01,8.813384829665771303e-02
4.296136531982936990e-01,8.455553032132679947e-01,1.253784497090275618e-01
3.722435768921501520e-01,5.620967980972725320e-01,4.153694728257710800e-01
9.906764478219746151e-01,5.106292471834023017e-01,6.566796536996919453e-01
1.186356918614492884e-01,9.793412917053957445e-01,8.304395405753587367e-01
8.754320897362880549e-01,7.779133909670981062e-01,3.465190242933666731e-01
2.364341743043008037e-03,1.672552407752864179e-01,2.811119404603463767e-01
7.230937515296451679e-01,5.508844139090228742e-01,7.240963154414168379e-01
8.694525608641489045e-01,7.127820509783949765e-01,1.281718223532408718e-01
5.102838063324155460e-02,3.985871758244934338e-01,9.981211964674125969e-01
9.656763699156648562e-01,9.496924316666454091e-01,5.292275265068455692e-01
5.447323655183975433e-01,1.924132953253299139e-01,9.157722151312280845e-01
7.961498189748796861e-01,4.266211688976786487e-01,5.509067264347988768e-01
6.320914175166573168e-01,3.251039643977399196e-01,3.995266621358442016e-01
1.090797993414766021e-01,1.731027385419088294e-01,1.266282744553227646e-01
2.690002750184761204e-02,4.575097961575995686e-01,5.882196597315619835e-01
7.266216916172649753e-01,7.179208104192432716e-01,9.898828696760023638e-01
4.239654886170086678e-01,6.575738942905232642e-01,2.920355275518923266e-01
2.001262814941459078e-01,5.095252736657345238e-01,3.056315263000105586e-01
9.358944758186156232e-01,9.000003011822949039e-01,2.802200135568380102e-01
8.752508243442024272e-01,3.029203827991548970e-01,6.378873817650733136e-01
4.588215720968737976e-01,5.935660138506756445e-01,8.368548823248511681e-01
7.485618980902241093e-01,5.145565638662823460e-01,9.334631318858184201e-01
8.032089054341440271e-02,5.378054399764653493e-01,6.455708843966007082e-01
1.487100380142281075e-01,5.859927791028476385e-01,5.645795436208276286e-01
3.324106725785215266e-01,2.901982834755957308e-01,4.744171290334929791e-01
6.909136913848218375e-01,9.853706694568353797e-02,2.943156190232959490e-01
6.954141450048795248e-01,1.605530155935188663e-01,7.586033391959471350e-01
2.327056971684863251e-01,3.069296603097465548e-01,5.282382631888266067e-01
6.410927478216361663e-01,4.036536315320726764e-02,4.742066538257885266e-01
4.189168435901994281e-01,6.922223674388111592e-01,5.492196012881189748e-01
6.858016452639517091e-01,3.610227170616709946e-01,1.796212271871481247e-01
2.336175187105041795e-01,9.278896205834022970e-01,1.236190055700059354e-02
7.601204333993800688e-01,2.671630955242315641e-01,9.772721855883474973e-01
7.679751293251340094e-01,6.234347183316443219e-01,7.616887172413432383e-01
1.552157616848159893e-02,8.623741651440020028e-02,2.094324321982617976e-01
4.862511524155653797e-01,3.256730862588550490e-01,6.874393066887980464e-01
3.073287248339113820e-01,4.683018037630481967e-02,6.841072741516398548e-01
6.599110895778853569e-01,5.369090891154352230e-01,2.160794416511505611e-01
5.842336190300612131e-02,3.069906742154610013e-01,1.203570453340236934e-01
9.010640091409390928e-01,2.447265978249798524e-01,2.672263421834816244e-01
1.134639803373805877e-01,4.153011633466660024e-01,4.643368347600884682e-01
6.803372746930722581e-01,6.804113320482655380e-01,4.431539104171421384e-01
7.933383330883789775e-01,4.197920662282474957e-01,2.085293182042868843e-02
4.067724614899222990e-01,3.639671111581603835e-01,6.724887128589830398e-01
2.230515211137574783e-01,8.538509767577588949e-01,9.314248540522497288e-01
9.977328097305980803e-01,4.465046083038218816e-01,3.246946077526279284e-01
6.281097592962312515e-01,6.388391778674802346e-01,6.495300319606944761e-02
9.005227374072363178e-01,7.482009542569274529e-01,7.234495360099668648e-01
7.327294400031062471e-01,1.563965771906858926e-01,9.061048946493207579e-01
5.955274129297778440e-01,3.951525274794756015e-01,4.980864108039573246e-01
3.090936392406309352e-01,7.367297571736588502e-01,2.153550947256316350e-01
3.796911851703355101e-01,3.316717436957707932e-01,2.704989301399804980e-01
3.279595037825264736e-01,6.381862944748192268e-01,1.875108153022150281e-01
6.440627076677679641e-01,8.544064973127877272e-01,2.525717229687648446e-01
4.718254491182346522e-01,8.092320112488042838e-01,6.793729466712165044e-01
4.975308666001930780e-01,7.256403817980294768e-01,2.090337341183650111e-01
2.718403463843755974e-01,3.297399907862172963e-01,1.671308692605169011e-01
1.604328305164643975e-01,7.539050107110061294e-01,8.233744432759050325e-01
9.535290054567361340e-01,2.903216557365010386e-01,8.251123535735837011e-01
8.683679102316085308e-01,7.740693036802113181e-01,6.834881336953526620e-01
8.012572008215333996e-01,5.235949306235470058e-01,9.765122389169644812e-02
3.564856554013137169e-01,8.338092812314570335e-01,2.096102530722642188e-01
7.986276619545670252e-01,4.234583405439654724e-01,7.797620195478230931e-01
5.827277506679492403e-01,6.309729089060494012e-01,9.457264849869354562e-01
6.214573817855313376e-01,6.653757934540499575e-01,2.713069056166874660e-01
3.089015246249702251e-01,5.703692810533901314e-01,3.355905504662800576e-01
1.608274318783959878e-01,8.450121002850463636e-01,6.488158929091658589e-02
3.363825883443989362e-01,2.721522964649877308e-01,1.559354607439503715e-01
2.592392816507960163e-02,3.984984985849688854e-01,8.790329141144329617e-01
4.662375357006276477e-02,6.838140324817076898e-01,4.867017515743944367e-01
7.252307469760191916e-01,2.951059605379773298e-01,6.855380303014986243e-01
5.925421749391719395e-01,6.512465336018831152e-01,4.299391920244794996e-01
9.895062830305185742e-01,3.684536314487331099e-01,6.796913999599814016e-01
1.887382492035146742e-01,9.361937780575653179e-01,7.335561303239913622e-01
5.213288774468185505e-01,4.416032807578069708e-01,5.355656533059871549e-01
9.669460694856503169e-01,9.466122459535589728e-01,9.988234115552940828e-02
6.537010886530966181e-01,7.482323224488938163e-01,2.059997279693807082e-01
4.727380077625880084e-01,7.768812870173950058e-01,9.859882325383344526e-01
8.758557494240617469e-01,9.358522920006187018e-01,4.468474527269673535e-01
2.725182220778364917e-01,8.344666350141207722e-01,4.444045799630753635e-01
8.875714593633828864e-01,4.073185631535691797e-03,1.969894389317823347e-01
7.619845981920573275e-01,2.301712369442771022e-01,5.723355607020741420e-01
1.161745750370005714e-01,4.792520915988840446e-02,9.334803441068146856e-01
1.156708446059004913e-01,6.251796466331381863e-01,9.312755951986527725e-01
4.502467611159182148e-01,8.878438484962759558e-01,4.860729691735454772e-03
6.463927651551348852e-02,7.069868776062996352e-01,2.733345298631904008e-01
8.518761457339609766e-01,4.896169278107875833e-03,6.292473028741459862e-01
6.659066695004400849e-02,3.102919094453371329e-02,2.604562689913079154e-01
7.328838365350642814e-01,3.942208110362401818e-01,1.531429769277141695e-01
5.575142423744361420e-02,6.339152681394036870e-01,1.502056761460572876e-01
3.405949150930058789e-01,1.953923945314581800e-01,9.897942297073247797e-02
2.551171111323232710e-01,5.581772843685709473e-01,2.160412486839408119e-01
8.599752659181632009e-01,2.409990999468891726e-01,3.185135923281486869e-01
8.321076397931326252e-01,1.200427766478501246e-01,6.920396857005610691e-01
1.571716392278068586e-01,2.278253858520862263e-02,2.020750836930281791e-01
8.408934522173014958e-01,5.770564612401269944e-01,6.656597153203362982e-01
2.263761586580481655e-03,9.904382254509127570e-01,5.931162968318511863e-01
9.281654552749939446e-01,4.056639478440535740e-01,3.597008771768362978e-01
3.599771881247220140e-01,1.032441150300857924e-01,8.363249012097004886e-01
4.195572931831728081e-01,7.468435597935612069e-01,2.441948406869751675e-01
1.283636108517460794e-02,5.837370318861166973e-01,3.198117700655798146e-01
9.945189733147994371e-01,2.073225798417410726e-02,1.780542348133451469e-01
4.330401430847247157e-01,4.281401850594960257e-01,5.445084536304058975e-01
1.179942499184076787e-01,8.640585066849323370e-01,1.733915435706114838e-01
4.016645776537054457e-01,4.956391488928174605e-01,9.318653296327034097e-01
5.287377960794351628e-01,5.477959136681109786e-02,4.588150764970055917e-01
6.387597181397798307e-01,7.381534614697466967e-01,9.728247926759270303e-01
5.803813115922216159e-01,6.365128623309023181e-01,7.482461092342976849e-01
3.736803109353458163e-01,5.712230909495263909e-01,9.900462286402490486e-01
5.231556916230374332e-01,1.521782975874308441e-02,3.722182408023788636e-02
9.150966800964680514e-01,9.913618587014166872e-01,7.937881922594871575e-01
2.102368775160129433e-01,2.379847756239519274e-01,1.805954815227939214e-03
6.812403668027429138e-01,2.031656463562022674e-01,3.174797660412103095e-01
7.829174215988921048e-02,9.060976633231886401e-01,5.840006789899042650e-01
7.057295550406983420e-01,3.469229245151377317e-01,9.759577575407412109e-01
7.590864063629226832e-01,1.076935279508473009e-03,5.895571070045988460e-01
1.516886274885400621e-01,8.421340556437961755e-01,3.904677748777479751e-01
4.959831447674877269e-01,9.054786972612349771e-01,9.975170782018338844e-02
5.592784420652173738e-01,4.899676196483473412e-01,4.997368306813053662e-01
7.580320436086279701e-01,9.073989757939970868e-01,4.832301758240742373e-02
4.255842641971420148e-01,9.487092160728111123e-01,7.920324189571640305e-01
7.515394357166668149e-01,6.586101340347340072e-01,8.631865874092699009e-01
9.954182135865706771e-01,3.376833684764934951e-03,1.273601367368203396e-01
3.266043226861315985e-01,8.766158791798780436e-01,6.522199835414264069e-01
4.411341131475203792e-01,9.208543016271429904e-01,2.161474564115074548e-01
5.488964215991760653e-01,7.728767463854000486e-01,3.839159314910527421e-01
8.060993563347341739e-01,6.154094223187331902e-01,7.136471807999670292e-01
2.672669590197629397e-01,7.929921657959274617e-01,3.527783244784908900e-01
9.119756828476194288e-01,5.834273374954619396e-01,6.736203167841158246e-01
2.477530355498025472e-02,3.317154675729099278e-01,9.324722181629274687e-02
1.774819729383114719e-02,1.269153692561715285e-01,5.331015447273032004e-01
4.693688939116471559e-01,3.553667839114749150e-01,1.270250802304125903e-01
4.037167118107918284e-01,9.383074975981519072e-01,4.418403135175836827e-01
2.028722955859945110e-01,3.835948124520138780e-01,7.615613051099824338e-01
1.852300872854792946e-01,9.112878457490251050e-01,6.838463030789134756e-01
8.446562352313677913e-01,3.382325824391522184e-01,6.843729009632532057e-01
3.934514114241829397e-01,8.399144176655607419e-01,9.813791292912896758e-01
4.087202213918237348e-01,7.304109805657567067e-01,4.835120558845514838e-01
9.548245380940239002e-01,8.639967950076323788e-01,8.016140109099441080e-01
5.311902387393906411e-01,4.130982892801550177e-01,5.988304647988895724e-02
1.481988586774344308e-01,8.714368263405241066e-01,3.727004895414173236e-01
8.252499357660780799e-02,3.180702484389491547e-01,1.042090897318470599e-02
8.230509715236974388e-01,5.019204258180570699e-01,2.624051473206279184e-01
9.349577941414335402e-01,3.661263566731536301e-01,5.624062842546233565e-01
9.973952484986550182e-01,6.613057450152135530e-01,3.752105788910791162e-01
2.930871012202761472e-01,5.110598894079583232e-01,5.575519022224243448e-01
4.659244273478811982e-01,8.707480208312889935e-01,9.459977517469909669e-01
6.580196397024337118e-01,9.116021622050984874e-01,7.145213322234322817e-01
9.079507915961269049e-01,3.945288879440850272e-01,6.185639990559396173e-01
2.657031266102614087e-01,5.515927221545660064e-01,5.045862432993408753e-02
7.949128016817764708e-01,3.677518002895266980e-01,2.519396871363251966e-01
9.211991591095289866e-01,3.410135863936462064e-01,5.210162850625699171e-02
5.627575939263695926e-01,8.323684109824051047e-01,7.442921340107898631e-01
1.035485994473382965e-01,1.692575664912449041e-01,9.917019382618086354e-01
3.750109673658927889e-01,2.091428534793223770e-01,9.791382831219670457e-01
4.074127203766847449e-01,7.341244785330474087e-01,1.175853333736625039e-01
5.729575308768040109e-01,7.243759037766033249e-01,3.692688119096732002e-02
9.299367166134201446e-01,7.565049947874368241e-01,7.105577611706983543e-01
8.884154665892177727e-01,1.209406210852518315e-01,7.319080752956073077e-01
1.357787824262862708e-01,4.252197660385947930e-01,7.912039120964164951e-02
4.671797590098603070e-02,2.201533679900280482e-03,2.646947785036958267e-01
1.541702047447459645e-01,3.544993965394613866e-01,7.174804565930325007e-01
1.912004513442358000e-01,9.450127851677044832e-01,8.128136850790530499e-01
5.805101258331391012e-02,6.830356988604378010e-01,5.018985002629057224e-01
