5.125319312936897909e-01,5.637199301315795053e-01,5.245935612665248993e-01
3.232337198604751105e-02,1.353933292899760499e-01,3.426758216856792272e-01
1.340491591402226401e-01,8.651817058530721916e-01,5.896216288582105669e-01
8.707132984236294337e-01,8.415717602566524791e-01,2.071080290503429788e-01
1.494228931560336315e-01,9.572317162513882538e-01,6.991899008548719818e-01
6.938633347042268973e-01,1.498706862626296710e-01,3.018114556264642756e-01
6.263719198923404230e-01,8.593724064310306332e-01,7.885559547460627705e-01
5.226881931677680448e-01,7.220283796666299159e-01,6.709616299560701158e-01
2.083337759588470561e-01,2.229743779537427528e-01,1.662970147714053493e-01
8.212457334785545626e-01,9.711383890574802891e-01,5.514103123500230241e-01
5.860941264082546454e-01,5.011304904908436830e-01,9.906702071186079817e-01
3.083592846335736493e-02,3.538169946166958013e-01,2.162215691655184902e-01
1.114753125873613193e-01,5.238268070062709336e-01,7.547366160929690482e-01
6.176628945163825657e-01,3.199715138475629495e-01,9.527086273118584581e-01
1.272701387439736376e-01,3.380156739089288376e-01,5.807837200274548195e-01
2.687844218858478351e-01,2.084974566162052234e-01,9.674015022105753037e-02
4.541013303752019503e-01,5.133986371575177676e-01,7.630422266716410107e-01
5.996695387228768714e-01,2.397516799046794933e-01,7.391673893504421278e-01
4.386727717477092447e-01,1.409483160420714754e-01,1.770250433383125932e-01
2.556208866394854562e-01,1.290990487878551640e-02,4.025155502067181423e-01
9.099157901362890932e-01,2.826891204547271608e-01,4.628749176657559472e-01
9.994746115892116922e-02,6.295066131620407068e-01,4.130632168286894057e-01
8.843610234499676981e-02,5.757268833171863553e-01,5.957890719741478769e-01
9.461981210195868908e-01,6.416103478388480719e-01,7.213657564017849078e-01
2.702009695561139457e-01,8.928206695619367306e-02,7.467791732133911564e-01
6.383417664388766344e-01,9.772055789890625732e-01,6.249243777350926843e-01
1.160631356518182500e-01,6.033525743539114305e-02,8.850874340554937270e-01
7.864424397939644429e-01,3.626140966751658645e-01,2.392000910108869061e-01
8.318461457746657572e-01,8.815129509035236621e-01,8.864223592020791243e-01
8.220643758235083309e-01,7.986308039276824866e-01,1.631468122440706825e-01
9.546301226635938164e-01,8.900412513840877393e-01,4.125517451351174980e-01
3.281233434095049972e-01,9.695614261615134177e-01,9.718809326719696218e-01
6.569224921950398421e-01,8.391649617097075575e-01,8.742430640333508363e-01
2.227499114983566564e-02,4.539376649550115328e-01,7.366539468897299603e-01
7.116507886973959529e-01,4.941891028415928977e-01,3.848877196325523053e-01
4.851825758566162827e-01,9.754303696718765737e-01,8.119820281443853593e-01
7.284224798302474380e-02,4.325805828343054493e-01,7.590342979106536880e-01
3.460624304307781118e-01,4.048032729305127697e-01,5.807182889396342862e-01
8.443018345111288347e-01,2.466029784934146152e-01,5.827498202704147756e-01
5.001367637554481327e-01,1.290883696630884536e-03,6.886536462794490276e-01
8.969095364837373907e-01,1.746432804262354477e-02,7.886748257891168512e-01
3.224656231934519557e-01,6.809804657018748708e-01,1.295092252332401550e-01
1.440954425870466515e-01,5.333858421489916513e-01,9.741666047944030904e-01
7.484516445333345702e-01,2.075552703076790628e-01,8.999178798500948595e-01
7.204145092565390485e-01,8.257389885135520968e-01,5.873116071544732808e-01
9.811349890187631706e-01,9.818411516225257207e-01,7.158065328539234828e-01
3.666127353306183334e-01,4.054879186742663677e-01,9.380440822880697915e-03
3.346101675958264021e-01,9.133932775658708536e-01,7.939046451462247189e-01
8.240405204128438132e-01,5.937732830636317516e-01,5.524087065192818669e-01
8.714037132493456239e-01,7.460313875167590147e-02,2.933032673812173696e-01
5.646932986487127604e-01,1.709083975317139403e-01,1.784960861721504033e-01
1.881484175766412470e-02,7.841959870694470425e-02,7.033890053608748971e-02
8.949540243042387599e-01,6.947857444353433554e-01,5.862482209253018217e-01
3.755377015634413507e-01,4.270189348497219761e-01,7.169760150902875218e-01
6.975085903314794944e-01,9.606908339848717615e-01,7.495986539782820701e-01
6.786959923914731574e-01,6.146275118675572635e-01,4.517623281443364780e-01
1.119233832500354797e-01,6.563020930934505559e-01,1.653214311442435802e-01
6.834706080904899839e-01,3.783955001217277347e-01,1.200462783466277328e-01
6.968268736873833857e-01,3.485714963338765182e-01,2.625187622979596735e-01
8.350659156148343421e-01,7.857609815465473879e-01,6.427656946883603117e-01
3.788775378445248254e-01,6.220622410874238062e-01,9.752542245021039724e-01
3.904808460732670516e-01,8.849963705639939393e-01,2.675708205440269216e-01
1.416501166997220507e-01,3.082120224985486212e-01,4.830418914923197971e-01
5.246428576102313279e-02,2.712069385003745836e-01,4.632331196312744481e-02
9.562320943994528921e-01,4.672004166434292616e-01,1.997679855499439050e-01
9.703390786527821277e-02,6.253060074051381978e-01,7.604249093406967308e-01
1.543622165652920319e-01,8.117497065287418989e-01,6.869738358461271455e-01
4.259420423927812172e-01,1.747309976252274799e-01,5.379382233504612643e-01
7.971704398943376679e-01,6.622920828972240770e-01,4.200279068029142415e-01
9.862435747046549572e-02,6.989263709053772367e-02,5.402537088119290232e-01
3.833446864029120826e-01,4.894536889677790770e-01,6.631979947564781153e-01
8.848668535655888068e-01,9.680853562661779765e-01,4.546663853939014732e-02
6.682544212625436408e-01,9.855623840689882176e-01,3.157385769735912007e-01
7.035342532239307056e-01,5.724515804777874362e-02,7.718336533368199692e-01
9.264749093140239866e-01,5.817904687154609178e-01,3.336822051003203171e-01
6.158582451460237195e-02,8.968868913212501015e-01,3.681440557650272893e-02
8.074642830145885020e-01,5.446874947027662284e-01,8.126008177599910454e-01
1.016948872146743454e-01,5.843716647915458973e-01,8.446709397224079208e-01
6.588289634559164609e-01,9.436591332602695115e-01,2.700457566428162703e-01
8.185827468658466444e-01,3.902028548458059687e-01,9.360498896865719898e-01
4.163156572050612514e-01,9.191069004623049210e-01,6.508263988845770509e-01
3.791109266034892178e-01,4.340485381014744792e-01,6.641907421526229705e-01
8.861410703149555923e-01,3.218740779016072695e-01,7.453438146796634856e-01
1.799571099333443502e-01,3.072589085823634880e-01,4.930057242207157575e-01
1.755860069312321636e-01,1.052691731517158003e-01,1.801552194406876861e-01
3.000571846887695182e-01,4.475429324377810936e-02,6.670202944031132786e-01
6.083184457356807240e-01,9.889381596993362944e-01,1.109707489518845236e-01
2.262663993637019644e-01,4.911885237174345997e-01,9.632051820922582497e-02
4.439794142980311165e-01,1.032613508924408174e-01,5.256554529865261616e-01
5.702443871969551381e-01,6.380302083492009890e-01,5.197981610050921297e-01
1.234994933585957799e-01,5.789160254583297638e-01,6.764164353757249337e-01
9.168441773572577613e-01,5.693087207035755215e-01,8.300430347138885168e-01
1.226273166673356174e-01,7.364443732605212567e-01,5.762770421750430527e-01
5.287713666172187965e-01,8.268535138775159332e-01,5.769190780424838794e-01
7.168668979537473618e-01,5.855099532196920142e-01,4.330748727897569816e-01
8.317661379206841010e-01,2.164137602589666365e-01,3.225565115954391882e-01
3.155956656775507074e-01,8.173206198697552383e-01,1.125352751315303879e-01
4.146033683370603518e-01,6.141263356712236554e-01,7.171698669053994113e-01
3.211923556537445990e-01,4.911753769616585830e-01,3.524833264228111052e-02
6.361140804547713579e-01,1.678134149971676203e-01,3.182310628092260840e-01
8.481866992035048680e-01,5.457335682553421385e-02,1.106140329406674061e-01
7.599350676043478137e-01,7.174889337222866148e-01,2.370606705278841542e-01
7.534480194487270799e-01,5.988477016609147219e-01,1.856527078677406850e-01
5.986037298048220157e-01,4.277173097254882705e-01,6.099704542023154374e-01
4.325765419645528631e-01,5.895119606052914296e-01,6.364005630229710997e-01
5.411083342649095629e-01,4.216361014765641624e-01,7.298594850554147584e-01
6.339415812494610947e-01,3.251306859851053055e-01,3.108079452716951963e-01
6.471691928225943302e-01,1.274281535672857624e-01,3.307790176197733523e-02
4.161794912529697132e-01,4.538345987861907016e-01,3.635220516589776629e-01
4.134661330917922539e-01,2.539862854350025678e-01,6.104919754214337413e-01
7.495035849991806831e-01,9.374167566021599507e-01,3.090846681130476892e-02
1.343657525079700044e-02,4.859978564890938824e-01,8.809102887721153019e-01
6.331944893830829812e-01,4.847860763926059580e-02,4.394911216479391314e-01
4.528848957709324941e-01,1.812524711284870804e-01,8.928501369789334507e-01
9.544447446258298440e-01,2.973427191741933040e-01,5.155374908403027590e-01
7.237805538692888563e-01,3.546425030823894264e-01,3.011593755437492748e-01
7.491147209685290465e-01,5.223834113699937776e-01,2.554291946224761523e-01
9.928278085613095882e-02,5.586199523765245090e-02,7.656577621342081086e-01
1.152481938348092205e-01,1.443175969030372485e-01,8.984685632063557081e-01
2.144944922489966377e-01,7.213178658366204976e-01,8.921853835706362590e-01
2.535649680445465348e-01,5.253627907710883838e-01,9.835904693286516842e-01
2.069099846472118864e-01,3.304208248405423598e-01,2.503923537178603942e-01
4.171600980168721495e-01,6.985166728129188485e-02,5.146839654580207535e-01
6.127304244701871072e-01,8.616823236786925744e-01,3.822035232146546724e-01
9.986944750497463996e-01,3.871312228757691765e-01,8.289242848679491127e-01
8.518680506152583876e-01,4.302732551847417986e-01,9.450447648791030497e-01
7.522480082219742403e-01,4.133926402667873479e-01,3.988170865416893474e-01
1.242146929600220773e-01,1.080905027910383787e-02,4.097587500726750376e-01
1.445824067793677337e-01,7.861928265383385517e-01,8.148032957559753209e-01
4.829528470906213622e-01,7.668136724293890261e-01,4.438854446307403112e-01
5.095757426074134511e-01,8.514536459617887409e-01,6.861539517277118749e-01
4.061205165132161232e-01,2.051557421251400948e-01,1.530072577739712836e-01
9.293152608836512396e-01,7.094309907737542664e-01,9.736698860546543211e-01
6.917262403922802561e-01,5.564044373048242509e-01,8.581499149361692114e-01
2.543105211226264206e-01,8.189634044500525567e-01,1.245034975383426668e-01
5.565150512963611407e-01,3.660352814474626681e-01,6.560979534367956667e-01
6.384080649624283010e-01,1.457869823253120645e-01,3.737075117300237004e-01
4.089153291606750784e-01,6.580381321230807101e-01,6.578431284972430237e-01
8.385895873676696421e-01,3.913745716542726960e-01,3.654275787280389931e-01
2.632360038199430541e-01,5.701796711537238105e-01,5.604666822900794543e-01
8.206920781224295025e-01,6.778950228357359942e-01,1.596847029869816748e-01
4.396105141027583096e-01,8.129334010519064790e-01,2.778303900922433067e-01
7.490292398729213597e-01,5.242791698936409839e-01,1.734850571684378728e-01
9.126652622716836527e-01,2.809611959724831465e-01,2.339349000021726521e-01
4.980076567737551363e-01,7.682794315036346466e-01,4.338556653988338008e-01
4.478661185824958091e-01,2.690801000824113443e-01,9.012027577665994160e-01
9.547434992723637937e-01,8.953805369154489435e-01,4.727900594774501197e-01
7.590642510251555120e-02,4.772621945517333542e-01,1.249409847556626207e-02
3.111100949570196894e-01,5.815192251403100698e-01,3.607703907122153941e-01
5.802520366366943350e-01,3.919341726967002781e-01,2.916344849722857235e-01
2.279051665669455939e-01,2.810777170334743946e-01,5.430025154389597208e-01
6.573572069404128859e-01,1.390097147234126140e-02,6.004152092915564509e-01
3.108799968053224116e-01,6.585845519266081416e-01,8.705364558262513874e-01
7.004606548151198764e-01,6.995152093608100197e-01,4.920908155150227614e-02
3.445335454413138709e-01,9.044305100112339790e-01,2.699069810308394324e-01
6.520825912427853366e-01,3.923382216523991772e-01,6.288459330787251611e-01
8.762944790834004127e-02,5.303636629798711422e-01,1.813837295337900057e-01
6.928757268459886376e-01,3.061899548825141038e-01,9.143720145073500616e-01
8.518810471676686591e-01,3.382472275070345091e-01,6.171540872516795284e-01
8.355196245343099459e-01,8.555068795709458440e-01,2.003421163508822822e-02
4.393990510397786098e-01,6.014041434224610683e-01,3.847938031215941690e-01
4.268779429786340174e-01,1.405723877142236455e-01,1.030730808574633617e-01
8.823373073002679368e-01,4.056499075134970544e-01,8.552769049819440861e-01
4.177598651860779944e-01,8.596682381412503737e-01,9.058793703871294012e-01
4.362783273256716221e-01,5.492967528590575466e-01,2.172361961972312239e-01
1.110133139349734899e-01,6.976551091322283904e-01,4.679827511308205512e-01
7.262464976668709937e-01,4.624517019652231165e-01,5.715599478237376463e-02
5.526837901881871407e-01,4.017979786765821792e-01,4.658105148477009738e-01
2.974529336598256135e-01,4.078499890036062503e-01,8.843955334861230977e-01
5.671677751857564509e-01,6.571835107816035304e-01,3.553622854557210164e-01
4.421091536335534089e-01,2.293082138750359711e-01,8.667163485837922066e-01
9.181916750171539299e-01,6.587829307687780300e-01,6.453819819714282646e-01
1.076068975690859242e-01,6.711455915640538450e-01,1.305079509605343580e-01
5.340190989219395501e-01,5.540276854856839295e-01,9.670176091929288953e-01
5.454601915808310331e-02,9.106630512408173672e-01,8.353360480965846824e-01
6.552677094408396741e-01,8.643110763185907208e-01,5.955225173096646563e-01
9.264907849802346274e-01,9.505410111061743939e-01,8.132377071533999358e-01
5.880833374529620405e-01,4.825079134504084433e-02,6.904427639317867182e-02
7.532824304058645115e-01,4.107431190575882018e-01,7.051964313283182184e-01
9.444265417861830159e-02,5.380696333248595753e-01,2.213734196189796055e-01
8.365563913533979878e-01,6.633494265508481647e-01,1.322098422735646928e-01
7.688800711867572746e-01,6.668811715997180478e-02,3.663613936392168258e-01
8.583902702418533259e-02,5.076753621109660886e-01,3.642858202779676313e-01
9.265257839071061596e-03,3.889775358082169232e-01,3.468281353010349566e-02
7.409657757597215566e-01,5.939326897212769962e-01,6.798355686863156722e-01
7.266054974641755759e-02,4.751879880637511766e-01,7.476877456182291493e-01
1.232954949773865660e-01,5.242244916723209913e-01,5.577864155717896510e-01
8.680554604373238448e-01,7.593300029207742385e-01,5.192421816286674208e-01
6.329107181501574253e-01,6.723029613671543947e-01,8.426597414672379882e-01
8.062986284558704142e-02,5.218928149168283737e-01,7.125764547224880952e-01
6.121587070961604926e-01,6.057850166890677013e-02,3.054377435421532505e-01
2.828487744807138826e-01,8.586581749797088658e-01,8.438186891201900908e-01
8.183305878831388380e-01,7.996989660663346156e-01,4.320658730277250337e-01
9.913877137708426712e-01,9.596139033455757250e-01,6.716245737868661303e-01
7.327631569469555961e-01,4.792881215451276766e-01,9.437830422784865281e-02
7.156958200354300859e-01,7.714478066938321721e-01,4.910264954119349934e-01
2.972972026249440791e-01,7.374562186425310806e-01,4.097618862442241605e-01
6.541329049874603507e-01,4.860358738957248903e-01,5.429029295635831032e-01
5.651314247330461171e-01,7.108068801827051031e-01,9.203461859231195641e-01
8.834618161816254478e-01,1.427578492965071444e-01,6.883430951580379320e-01
7.484844828147421136e-01,3.597898853331154001e-01,8.637104954184182670e-01
6.648804748247316709e-02,4.568983944232716254e-01,6.336278500327049423e-01
5.415484010920228464e-01,8.051325373501003746e-01,5.907689239068291132e-01
6.296371591268864476e-01,6.037261716353438112e-01,6.653739022016562643e-01
8.146171078916413233e-01,4.719850584872925525e-01,5.051234898239915783e-01
9.236889520575396473e-01,6.974187925867576521e-01,1.458015863443318239e-01
4.348712532773242323e-01,4.853977922929482158e-01,7.966582242075713749e-01
6.252409254264583716e-01,9.290292223863458876e-01,5.723395275983922392e-02
5.287347408937915771e-01,6.762964294788267328e-01,9.796028110485187623e-01
7.897647788272847968e-01,4.583242029026443065e-01,3.413373976090062767e-01
8.272579835092247480e-01,9.123972467966813271e-01,4.094685852995707531e-01
1.809598570374448823e-01,1.310714701103421476e-01,2.951265258656809998e-01
9.845358456454189611e-02,8.635596780371179726e-01,2.067174398960336390e-02
1.845884033961118220e-01,8.105671715650646370e-01,3.362166861792420525e-01
4.570066430159110960e-01,2.247667109560465004e-01,2.836847460246093577e-01
6.924934140604386279e-01,8.096003685320253274e-01,3.369638612373951903e-01
8.814870092573402482e-01,9.153577424397767448e-01,9.779504123155174922e-01
5.200861821574995769e-01,8.269319964651961063e-01,7.551680355875927120e-01
3.048905489615667541e-01,6.428007646517441831e-01,1.981069711671042954e-01
6.456576654903781742e-01,5.132905004606326260e-01,7.643813480133831995e-01
8.709450444890119991e-01,4.090422515922711444e-01,9.614582342366384538e-01
4.247752279776729756e-01,7.493638098970945016e-01,7.858296931863492096e-01
7.684011480995435184e-01,6.317706069789186252e-01,4.433871668170545899e-01
9.920836299877116016e-01,7.122277486170334182e-01,9.410285230949653190e-01
6.793318410021388365e-01,3.533101382503428534e-01,1.161673125303429588e-01
9.145465780261176070e-01,6.257127468537774240e-01,3.447586786136660475e-01
2.774613703935459030e-01,3.974743690910778060e-01,7.472398026893057876e-01
6.528772915074700922e-01,7.369433102506801614e-01,6.787983129298829077e-01
1.835863580681988960e-01,3.938822162838313545e-01,5.273231513139363669e-01
6.436764386636699697e-01,8.993796514530019159e-01,4.039486350575037799e-01
2.983094504358551058e-01,2.340145630762414664e-01,1.705300792322694825e-01
7.043346377847702344e-01,5.453884617793427481e-01,8.838573519392708411e-01
4.635132472106550106e-01,4.047983380944903953e-01,9.932720849313509959e-01
8.010341033984565984e-01,6.422862329222595035e-01,2.302641567701714242e-01
1.699188652571437252e-02,3.076927250055847551e-01,7.284784072515331221e-01
5.872173907546521798e-01,4.781830271960954004e-01,9.820168684614297705e-01
1.906789427908262002e-01,1.883723221349417054e-01,8.225453826799848933e-01
8.280431114596175091e-01,5.772051547227498025e-01,5.736912052230387360e-01
7.382069635645341910e-01,4.816230638851713985e-01,2.409728490378694188e-01
7.846077949270879870e-02,6.642333878326356356e-03,3.408300398399110032e-01
4.453872630066532112e-01,9.248186136372952282e-01,4.608800971091884247e-01
8.996365002837931613e-01,2.543893937582695219e-01,9.217217324475256435e-01
1.803961910230050814e-01,4.149857003776975528e-01,9.785774686193049465e-02
2.549491975158618695e-01,9.836343012881699766e-01,7.481899730346178723e-01
1.848816028633921693e-01,1.930047043856017996e-01,8.919224972904735704e-01
2.552835140031193273e-01,1.843407230544843456e-01,9.887195506385048072e-01
5.121707527109869984e-01,4.392986489575265718e-01,5.906781747889737755e-01
2.417861843852850967e-01,1.525779665431948873e-01,3.947108696110236403e-01
7.572419738742219852e-02,2.985536003517141879e-02,2.952669651816950402e-01
8.967308442380883537e-01,3.096486672422080755e-01,9.084375712896575195e-01
7.423453082667793579e-01,6.949907222735667300e-01,4.841881757952657406e-01
7.789327011244621124e-01,6.332420509455939373e-01,8.423386487603422568e-01
2.378081538922424132e-01,8.683860259353276545e-01,3.024393230281712253e-01
3.289235209100020985e-01,6.818290337668012624e-01,6.563767371054818334e-01
6.644906782202848472e-01,2.592905854375859853e-02,7.412424624799669459e-01
3.437111548530547012e-02,1.162362037216051469e-01,2.831182916341682398e-01
5.886212163516828522e-01,7.945074074506996986e-02,2.147389059234708908e-01
8.264253499501140743e-01,8.188262204446251635e-01,7.562461203284259748e-01
3.755611331929533669e-01,7.075774759126266522e-01,6.303410195198599908e-01
4.704096854682918716e-01,6.405708176915958507e-01,5.394187313078228074e-01
8.986236570309236171e-01,4.996006436197328870e-01,8.981262849386753011e-01
6.844208530029627369e-02,7.696801896001064236e-01,8.802996189036574881e-01
9.803269880639243761e-01,2.416193735973308776e-01,7.782046807774624098e-01
2.973405088017773146e-01,5.697462458599720225e-01,7.585660307981345607e-02
8.817711594919794837e-01,1.856310417361750620e-02,9.665744708294140564e-01
4.900446605393654620e-01,8.941176743586035647e-01,3.468605564785607331e-01
8.783838987043585123e-01,2.870244154391594638e-01,5.834849209748625976e-01
6.262166826366964978e-01,1.179851042910717851e-02,4.611506151549324972e-01
2.798224812009554308e-01,4.495511487872204670e-01,5.526524253772716611e-01
8.742537309884412799e-01,6.032592855644178798e-01,6.134611842384926073e-01
6.243585548986760880e-01,9.350469609136414784e-01,8.566747820881535080e-01
5.711432756643153308e-01,4.896053607875315850e-01,1.593789970281839219e-01
3.131142290974505693e-01,6.906688293009175528e-01,2.127444411639936028e-01
9.557609048159880771e-01,2.071198714405039221e-01,8.472466006737422450e-02
8.239985514493661789e-01,9.514537947289756215e-01,2.325413130662324912e-01
6.812231175804049910e-01,5.106395476543542644e-01,6.791365735513416046e-01
1.508294433479737684e-01,1.357215804273634863e-01,4.182750209997628810e-01
8.393572163032947397e-02,4.384622529948537517e-01,4.692252553249088853e-01
5.958342161374443613e-01,4.808280448687030084e-01,8.183329699514054756e-01
5.394528374391729386e-01,6.008803152701929218e-01,6.793192699779693200e-01
9.843911481643150552e-01,4.400122333097594707e-01,2.364653114131255451e-01
5.545940399391285913e-01,5.160952735024979532e-01,5.271075063567697283e-01
8.912809999876636358e-02,5.109300997022798718e-01,7.032755152092426965e-01
8.472531363077581146e-01,9.825269658428158470e-01,1.541205363196083145e-01
1.420709189528016614e-01,7.924971652970125291e-01,3.943766833483315359e-01
5.421001827391456196e-01,4.479879219657112444e-02,9.397728789588998266e-01
2.345962613410892406e-01,1.309288085756513675e-01,1.534809521845329483e-01
8.244658555283812529e-02,6.334603094007258406e-01,3.168219831496679184e-01
9.799960922331943936e-01,7.202786123357675097e-01,3.094817415437405295e-01
2.162194606566048005e-02,7.996443627860172487e-01,8.744515141387397827e-01
3.516474799456926759e-01,8.265959602923871330e-01,2.272233279894175784e-02
2.035252933006533871e-01,3.546826546717855022e-01,6.806248843902351631e-03
7.492431246386388466e-02,4.161143501784358989e-01,8.414799646542467926e-01
7.861940812279563096e-01,8.046432193932349097e-01,2.546726467717725928e-01
3.826331347392242233e-01,1.511505286758982880e-01,2.730347355565732048e-02
1.743889336031173576e-01,4.375808865865100650e-01,9.433047751392340530e-01
3.015359624316640286e-01,4.296240900663946816e-01,5.859797705135083579e-01
6.757834823238185740e-01,2.684328123728239035e-01,5.037961993460191579e-01
5.911868667867190563e-01,2.001873758464869368e-01,7.104072439854332011e-01
7.936683955900303289e-02,5.200699891756354054e-01,3.599453579453859575e-01
