9.735938287037698702e-01,4.350561317139013395e-01,8.640840386156015684e-01
6.030893324475561368e-02,1.661536172817004164e-01,8.889805905647959472e-01
9.522893752466440320e-01,1.228282949115755418e-01,1.455984821122335848e-02
5.575831274071857413e-01,8.556294719025776541e-01,4.830148303299075518e-02
4.588814621799356397e-01,2.543332652538001781e-01,1.561175167534661901e-01
2.800730240844582219e-01,2.523409999095732603e-01,3.850687744733949369e-02
4.418666488459703778e-01,9.746948513821322990e-01,9.476270197833031039e-01
1.155332615434367938e-02,3.038190380823246883e-01,9.114234433195453899e-01
7.047338595948151596e-01,1.419749916733813455e-01,2.958142099784272228e-01
5.351846073291653960e-01,7.670818679427150455e-01,3.331582563254653628e-02
4.319004564850540406e-01,6.905095492706334603e-01,6.829408019252150019e-01
2.696856496058966934e-01,6.364148411261417726e-01,1.265964647422320732e-01
6.353343542796060506e-01,7.783623335960837553e-01,5.493316480277495861e-01
4.416538780762213623e-01,9.061893964042386784e-01,1.322869700233437751e-01
5.064884048341192768e-01,6.020438641159252535e-01,4.366799373416940799e-02
8.069988422632753400e-01,3.477733814539163415e-02,1.985818346205117102e-01
2.952563278284917603e-01,1.796082133019263338e-01,8.576768226673744389e-01
2.342199557259412313e-01,5.353663950052846010e-01,9.081601180015320685e-01
8.556218172360128271e-01,6.254072969354569356e-01,6.116082796797261967e-02
9.659178356998832093e-01,1.121465278813276178e-01,1.675897473129994708e-02
9.330588994006508985e-01,6.702358174135725211e-02,5.098869432181377670e-01
9.037789869102679230e-01,1.744387105559530582e-01,4.483496014377302830e-01
4.334476960196727013e-01,1.389840118101638433e-01,8.385033661067898825e-01
9.515412784724626150e-01,8.938673155114290614e-01,5.106768312370963958e-01
8.037224282345979409e-01,3.953055728682901560e-01,2.153638086327203105e-02
1.532718776671216920e-01,7.173617684369074654e-01,8.536035028453277107e-01
5.833110676375872217e-01,5.807716177117253631e-01,2.914259122095316235e-01
2.602584154262532756e-01,2.712137150379968498e-01,8.760601918705090974e-01
1.296153927358995039e-01,4.528558980079044893e-02,5.849160464262714854e-02
2.727242711667635655e-01,7.643568081697775796e-01,1.873542370396462653e-01
2.600656676020847158e-01,1.653780436106436769e-01,8.478554622479665959e-01
7.968558927149982374e-02,3.236550185568611848e-01,3.363866587770411032e-01
9.515571196046861413e-01,9.593986598894316264e-01,3.403394023955728098e-01
4.269500654519500227e-01,6.709376882350336357e-01,2.991094357559311856e-01
6.076518442583777047e-01,7.970421489264036818e-01,4.542386071664484826e-01
8.033708470572296090e-01,8.285137478135152778e-01,4.598989550730946396e-01
8.235594926595947163e-01,1.654069317489835766e-01,3.324762437839484663e-01
1.723652458920130748e-01,9.211814142697416496e-01,1.843903306973474487e-01
3.681579529333341982e-01,9.466088848113292098e-01,4.725706701395556708e-01
9.463704035176105922e-01,7.024013182908984687e-01,2.005808319148967289e-01
5.334293016330633463e-01,6.662133691675941050e-01,6.215031320835336937e-01
5.166389011135271714e-01,1.251784736380567864e-01,5.255248865711241724e-01
7.328089335284783123e-01,6.470391543229916387e-01,2.046763901147985454e-02
3.773013158909777065e-02,5.376804984968919232e-02,5.087220242989900498e-01
8.936262153773043559e-01,6.552942318723786741e-01,9.001672286540173262e-01
5.924774885506883804e-01,7.876902255190350033e-01,3.639545321931210164e-01
2.302807601050952391e-01,6.348409719490133440e-03,8.718504032418069594e-01
1.969540499770169317e-01,4.355015840750372513e-01,5.024588580525479742e-02
5.859415695510357125e-01,7.449197980126365248e-02,6.444151167140277359e-01
7.125947569937300941e-01,2.552487875349405133e-01,4.009864575737027703e-01
6.321525582100609997e-01,1.543570870415766905e-01,9.566912037486339226e-01
7.844934931863783989e-01,2.072546204047905904e-01,1.343198569770884809e-01
2.807570878832754691e-01,9.871943858964714602e-01,5.482771526564967912e-01
2.570462798070171084e-01,4.397925710855750125e-01,7.190497095589566401e-01
7.653581918378626892e-02,1.897104012140257145e-01,6.656309273964020612e-01
2.099250999319987043e-01,3.641904923902332669e-01,7.094860208636786236e-01
3.843658863878340881e-01,7.212213514694324479e-01,6.639104464160688890e-01
1.694695631867638719e-01,2.562440430570248617e-01,2.140246809362522651e-02
9.261755467196175484e-01,4.873510118981242423e-01,1.348182303306622032e-01
4.092616826502938343e-01,1.228399968602778003e-01,6.053876575047996145e-01
1.926816794533506849e-01,4.566127115918033885e-01,7.657989542124951088e-01
1.273550078125682550e-01,4.294171569725662163e-01,4.830575770116695145e-01
2.587326899259123625e-01,9.902227703586452545e-01,6.679212297672328935e-01
8.299092067386387717e-01,7.416595380541936011e-01,8.453140236536426100e-01
1.013767563715349818e-01,8.906263548579809175e-01,7.756457014210000889e-01
3.704740776085951870e-01,2.341161311108237442e-01,5.510848611351404358e-02
7.873049889656236200e-02,3.533018214701948434e-01,1.390622290337000244e-01
6.592690343451990120e-01,6.811075772295439590e-01,6.033795949282210191e-01
4.054731020881362502e-01,2.972672809317178366e-01,1.294279484295309812e-01
8.633057308350946535e-01,9.700153204597740109e-01,6.278166694968027040e-01
8.602850123490379808e-03,9.997630765542747655e-01,7.667716087243635625e-01
6.400706836259409949e-01,6.468808955471339051e-01,3.708187883093561066e-01
9.121894903998259974e-01,6.368129878413750777e-01,1.926489049381627794e-01
6.262822357101768267e-01,1.966267086042541301e-01,2.936782416585100863e-01
1.684596726848255344e-01,5.839788541311686787e-01,2.529057324891315073e-02
3.886045854668890298e-01,2.291956105705053037e-01,5.634242502102653205e-01
8.907674085407462083e-01,4.664847275148846784e-01,4.413650920029321689e-02
3.576986191531783543e-02,4.192435381334296274e-01,4.770668009849942104e-01
2.340422455011428315e-01,3.841472895385669162e-01,9.258880051264816169e-01
5.763417242759817372e-01,5.173025016751111593e-01,3.012489072015063218e-01
6.255230137789936640e-01,9.535855871556246921e-01,7.429243981633026905e-01
8.891231738318562394e-01,9.363467102393511210e-01,9.297381795550856420e-01
7.780549813072912269e-01,3.453114743271745724e-02,2.648449670626833452e-01
2.917185923626940403e-01,6.909205603282213559e-01,7.836689874790426780e-01
1.106522026258525138e-01,5.976726826512233082e-01,7.598795770568490537e-01
4.967069410991786782e-01,1.141747403822324092e-01,5.436274074579960924e-01
8.733344845183705907e-01,1.941013933334658770e-01,3.833363124631627983e-02
2.469882353049205337e-01,5.922641113257969270e-01,7.217819904160521771e-01
9.210345149014650401e-01,7.145119778964383883e-01,6.176024916227523809e-01
7.038397289432340997e-02,1.387965378084693446e-01,5.049613320817837314e-01
7.281379495049414841e-01,7.222823608141559770e-01,3.639329515855671549e-02
9.218833101454505519e-01,9.047976926368014317e-01,3.774898644823777571e-01
7.196348174520438290e-01,3.135340361048940538e-01,5.115976437301944513e-01
6.125879505551300452e-01,8.018139335418554836e-01,3.665850749367787209e-01
7.434239584307178461e-01,8.037316676778871738e-05,5.476268529439642929e-02
2.762239647823852007e-01,3.260744509881896569e-01,5.137972959035014275e-01
2.961521483885912742e-01,4.212192108439912763e-01,6.789772309284413110e-01
4.040076534018021137e-01,3.125143142314937839e-01,1.645972378255327051e-01
3.421369533381364292e-01,7.268388870166748728e-01,1.283546766968710617e-01
4.542805838833386955e-01,3.557342590278292915e-01,4.061963953752317780e-01
9.678421681163906776e-01,5.321102446842891354e-01,1.249781675067529463e-02
6.201558376333086153e-01,1.663975731254636603e-01,9.736734365982979700e-01
7.782492750924030478e-02,1.825036043866891111e-01,1.255956950643153380e-01
5.323225885297682147e-01,7.034787123583940982e-02,6.165477729467132573e-01
8.690538501288361806e-01,9.227944758832484773e-03,7.566459988219293997e-01
2.768667505223457725e-01,7.820028727968232340e-01,9.900076186296066227e-01
5.544654054841716695e-01,1.285231953224159618e-01,7.231679622388825779e-01
5.180731884335861848e-01,9.533897338919330444e-01,3.600915596797007456e-01
4.248705547247122460e-01,7.113339007487057275e-01,4.769316885843873921e-01
4.427495465745396874e-01,8.930172083779711611e-01,7.477912504989085996e-01
1.034193325519902062e-01,8.384061211436197869e-01,5.834659916963136350e-02
7.390380175494034587e-01,9.248612218272370677e-01,5.422615310462929328e-01
6.990455596632791924e-01,1.710222474474086818e-01,4.485993058902471020e-02
4.677314162784693696e-01,5.014168477736243856e-01,5.068332979273134642e-01
3.124639281728892604e-01,5.618304690069716445e-01,4.578366693529545284e-01
7.146448444695774338e-01,1.881402243229036708e-01,6.356551951320067451e-01
4.473434041302170039e-01,7.067215579399209746e-01,9.087368343286795769e-01
8.087461110325293578e-01,4.502331233748229078e-01,6.170761901357143531e-01
4.081079523713549984e-01,8.837687605917831091e-01,8.167862965242711493e-02
6.441943677238888277e-01,5.863485286932604845e-01,8.150707701680803829e-03
9.549076031582385271e-01,7.724593142573901172e-01,1.658769243708976271e-01
2.438555738616130508e-01,9.723820563661866867e-01,8.667188871952873352e-01
7.649749658225125648e-01,7.471170702521119367e-01,1.815113015966953736e-01
2.876263719846400280e-01,7.946255945379510077e-02,3.466835453232294251e-01
7.804980339970379877e-02,7.402299595275265709e-01,7.731545214897698193e-01
7.756632614325918995e-01,6.959576455582192622e-01,2.642481526336381004e-01
1.603572948270918230e-01,9.582319761311369755e-01,3.849310672262364896e-01
6.424741826089278574e-01,8.394247844403941450e-01,1.358500634680425145e-01
5.024189477836127349e-02,1.355148528728378210e-02,7.016134541871913433e-01
1.026431925573256798e-01,2.271770513746157460e-01,1.588345405555338097e-01
9.552566853064359265e-02,9.683459328493988494e-01,7.805217751230103529e-01
4.471175195284693427e-01,4.983880001148366379e-01,1.112762610093341875e-01
4.509474315737446171e-01,4.067513238553329691e-01,6.100253204457991574e-01
6.672822355103052994e-01,3.473095356061713934e-01,2.265755624068659380e-01
1.429845008056515043e-01,9.299510606881369323e-01,8.800722415640632734e-01
9.197645614488304533e-01,6.771045524193692877e-01,6.156105612597742027e-01
6.885876005002432576e-01,5.118653318720663981e-01,3.077378521513615128e-01
5.520784137209077125e-01,3.655606727871518746e-01,8.700691494053871544e-01
8.915931650930982721e-01,3.702419919276761506e-01,7.136048997779377290e-01
7.253315241503952571e-01,2.542105265014240612e-01,4.199872068229112410e-01
8.273911846711391460e-01,2.681860043394721504e-01,7.267185238716868945e-01
9.400210740384715713e-01,2.723888095970694589e-02,1.973050566729754873e-01
3.703697389144229302e-01,5.662172962218451344e-01,1.276048987531064327e-02
2.880961300613970044e-01,9.876516291989402285e-01,6.167455839220267189e-01
5.061020368752666698e-01,7.249765087104443895e-01,4.698774342255297443e-01
1.892430568667017310e-01,3.825581231074079991e-01,7.351647779759404866e-01
6.199465833478555732e-01,2.696524393905711525e-01,4.472100335354227685e-01
7.533746187434270380e-01,7.291690042329634913e-02,4.975391523181083020e-01
5.548733466727149288e-01,5.712005009770505515e-01,3.724091229037854722e-01
6.623928291190952500e-01,6.610031970188031680e-01,3.146170530403957777e-02
1.555717863491317132e-01,3.716272619430213142e-01,9.462289826891385758e-01
7.182595796204809258e-01,2.914632906881589047e-01,9.176410018922964706e-01
9.040932338644035449e-01,9.230514110371310643e-01,3.456872646230518820e-01
8.960149647388313543e-01,3.714037735786140937e-01,5.896042391347511291e-01
4.783456699480074237e-01,1.974706854262529010e-01,8.713866422749857454e-01
8.361180703602922870e-01,4.547308369596129163e-01,2.509725998473215647e-01
9.341868257617762517e-01,4.723653640663019182e-01,9.594426644422416883e-01
5.537427554211384884e-01,5.372847947044427919e-01,1.165810677068066514e-01
5.236604978216217177e-01,7.833103473643767689e-01,1.903040774975812699e-01
8.944021754644578825e-01,2.255355546712101145e-02,8.857713933504155479e-01
9.305430532297598312e-03,7.553344906334233944e-01,5.211796690776143715e-01
6.588711310394588239e-01,3.165937537828765747e-01,3.913116824503386493e-01
1.225579890817700690e-01,2.056295887924941557e-01,7.575138602941504651e-01
7.695341955038131898e-01,1.452692792478361694e-01,5.169728840413424509e-01
3.482797743523008416e-01,6.493323818023990501e-01,7.370734842542233656e-01
5.124326553435341047e-01,4.036693284905964463e-01,5.300379978192949482e-01
2.260149741728519901e-01,5.417162951223819523e-01,4.100074643578079936e-01
9.219241345448946356e-01,2.463680466586364304e-01,7.932491960107234119e-01
3.643996304490253468e-01,4.202691781566917362e-01,2.019586197448881570e-01
3.182413611490337857e-01,1.089460181850652187e-01,2.019406102706078343e-02
6.384316251726873670e-02,4.622404627944151079e-01,2.383476228775404104e-01
4.495527407581778601e-02,1.873735514274865732e-02,1.353655101466825217e-01
3.733806873565965745e-01,7.036575575838110996e-02,4.592494255294021777e-02
9.828719439161824889e-01,8.202338703360336769e-01,1.965249986370490864e-01
2.179266577026515161e-01,8.237684054001009892e-01,3.872057148888409239e-01
7.912962278653591364e-01,8.586283265380748597e-01,1.559473219740775685e-01
7.538078050969635457e-01,4.360343227477107009e-01,4.140230472714234722e-01
6.007585734767892927e-01,1.936764671686544981e-01,8.212417856120638460e-01
1.872637206732651327e-01,2.361817161677716159e-01,6.819651958320054330e-01
6.111741122713724161e-01,8.384057954384792621e-01,1.023592319789742300e-01
4.893297340784437122e-01,6.596906205905519460e-01,1.169678868601831123e-02
8.987739725964670745e-01,2.068976821383839981e-01,4.106276597985101251e-01
4.628278470871336481e-01,9.461782717836818568e-01,9.548247432609527907e-01
4.208513536438470704e-01,3.560322059043483645e-01,8.747889792433615197e-01
2.993297704320883046e-01,5.631956991803965806e-04,1.218944725934301143e-02
5.628639340940826408e-01,9.548803472666478331e-02,6.367752688538551586e-01
2.281312973129209221e-01,7.969340474651107620e-01,2.716071634205251550e-01
4.756789185294114652e-01,9.102070208685693053e-01,8.684637160050467930e-02
8.670405774541029009e-01,3.368844086343103505e-01,4.662557762581202025e-01
6.931775698292874655e-02,7.828353923696144134e-01,6.403323894109201886e-01
2.616333489464566231e-01,9.971685539442087798e-02,8.028626284752575781e-01
5.125780589630011264e-01,4.553748990062073121e-01,2.057565537624439500e-02
1.531946485959534421e-01,2.670707306237974921e-01,9.792634369687237550e-01
1.112006947452441885e-01,4.266672317685704652e-01,3.131506702715041168e-01
6.787851767981890605e-01,4.683304217305198636e-01,2.914791146213990825e-01
7.352024898892133287e-01,7.171732970348458913e-01,6.355669969507915518e-02
4.453889253213501043e-01,6.854662539761856577e-01,9.815285629605630113e-02
1.625693342044652878e-01,3.448186354648010710e-01,1.335632762417366948e-01
2.962168111569080109e-01,6.758829655338363107e-01,5.532440311700719260e-01
9.379503252039325112e-01,3.397619667992087811e-01,5.507925557847710429e-01
1.847451554433535703e-01,6.566410592794724721e-03,1.603522369968624073e-01
6.617311132226920689e-01,7.354450379623771461e-01,2.682284633158247278e-01
1.343701201576744664e-01,9.154950236188365009e-01,3.975385925135879184e-01
1.459741453301802716e-01,9.957753667276739717e-01,7.258596308594690294e-01
1.225919012001674968e-01,9.030206360387617037e-01,8.671991935446972111e-01
3.272377549502911709e-01,4.311407721144889793e-01,6.150392741971006938e-01
9.231460598462014611e-01,3.423614976822922928e-01,1.707939505871345354e-01
2.755709643054978786e-01,2.791866204524451334e-01,6.775433013028173690e-01
1.518581194458501482e-01,3.933916412826223841e-01,2.410079439779727606e-01
3.824238506060868570e-01,5.166703228986380125e-02,7.445956602764756127e-01
9.896201238750056417e-01,9.759247449247824280e-01,3.921989347929050185e-01
7.239154968099570375e-01,8.572983528156251642e-01,7.237910180758596601e-01
6.255251633297015390e-01,4.338551910058664474e-01,7.521504781548854490e-01
6.891069711058656067e-01,8.044460842405276590e-01,7.042462344122424334e-03
7.434755342296216485e-01,8.087980426226599739e-01,3.610109402566118453e-01
7.413230667610222202e-01,3.854807580974073389e-01,4.898850286056152248e-01
1.099555382001199400e-01,8.677479928018518862e-01,6.214260927024073400e-01
2.881045528222044849e-01,6.576601342231250813e-01,5.696318091947039086e-03
3.897468211921041314e-01,4.992427719258331065e-01,7.837758467684219355e-01
9.427901853926518028e-01,9.645833603672373524e-01,7.137817609390806339e-01
8.733084266898739623e-01,6.623180495961439318e-01,4.025304418083278657e-01
1.922531371503790609e-01,4.427189065560156456e-01,2.293571853927429682e-01
1.460930448082392585e-01,2.349890238842783363e-01,1.477700650943271077e-01
5.074502437664203391e-01,7.265904845695938530e-01,7.217533379636409396e-01
5.503342975281988458e-03,3.025987506869562971e-01,8.280253176969181172e-01
2.633439448494622193e-01,9.403652793709571522e-02,9.624733529811968502e-03
8.301497297431855715e-01,4.917829096645157660e-01,7.270479735071289085e-01
4.665518819243280602e-01,4.922365557038155259e-01,7.624415889949812675e-01
6.336633788805328127e-01,7.701147008547755135e-01,1.178139972389438128e-01
8.029201632025660951e-01,7.298028327073101673e-01,1.089096447711460636e-01
2.841821396577492997e-01,5.258861276991169120e-01,3.141984879861081659e-02
4.123114605065550942e-01,1.612675955408925388e-01,3.255921767216143348e-01
8.128042325411621860e-02,7.758076178828369196e-01,8.710622431276413558e-01
4.902241109710426814e-01,2.799789032684887324e-01,6.919735734344261147e-01
8.590090076082651516e-01,6.119167096374256154e-01,9.569984441199815839e-01
2.604613999927529733e-01,6.498704655969589350e-01,1.217169696756457142e-01
1.989879372498254417e-01,1.043586059076090367e-01,9.209039501922433590e-02
1.166256768568015856e-01,5.042266413617775278e-01,2.752024798577401565e-02
8.916417054942604725e-02,3.205111281759087660e-01,1.357777713333295777e-01
4.868445827117552360e-01,2.142369973679217887e-01,6.555330700934292043e-02
7.037274867267995226e-01,3.345044731285218287e-02,1.089835467510554823e-01
6.304054905541267573e-01,6.685580722929391762e-01,8.879073688498836381e-01
1.503104708028399905e-01,9.097349915297542333e-01,4.607340185025420309e-01
4.700047856460068951e-01,1.223125990878973779e-01,3.817361670083448955e-01
8.536024174662464326e-01,2.837414299280477392e-01,2.737196667843055931e-02
8.543814309113026972e-01,6.888134281268091241e-01,5.125630327166548206e-01
2.530366297377105722e-01,4.896516088908945408e-01,1.062687911441705380e-01
5.992530633825429165e-01,2.082537135358456526e-01,4.372637363817148959e-01
7.822416458763764568e-01,7.596045791864632912e-01,1.161731390998181901e-01
5.531521724352311820e-01,7.380810449307364518e-01,1.283777370714677124e-01
1.011794348246675135e-02,4.191767181351158111e-01,8.748719455654453414e-01
6.201536316530723569e-01,5.492395821593437644e-01,8.911802914022082245e-01
3.201060101922308387e-01,7.197805988748240402e-01,4.073145307515479985e-01
4.723407618018533594e-01,9.476262529396144441e-01,6.330577969947723815e-01
3.789282921791633507e-01,8.781267347568296744e-01,8.206449028926160461e-01
2.543439707233271507e-01,9.754620207833881729e-01,2.429148809886531035e-01
7.974025929313810490e-01,9.892052095796888267e-02,8.056359545983470261e-01
9.982483901497101186e-01,1.139983967322818481e-01,9.396510393490357105e-01
9.055141617323094749e-01,5.247276403474036011e-01,7.555067847543580628e-01
1.835915418557116929e-01,7.157416481929158580e-01,3.049208191118486511e-01
6.538035850420557127e-01,1.661931545369053076e-01,2.277422551624485036e-01
1.050677040486828195e-01,6.449638932827991278e-01,9.662134307279961476e-01
9.019795079978368824e-01,1.360278125470427701e-01,4.581518603268995848e-01
8.294904690349199639e-01,1.825779705461278990e-01,7.689279850957341234e-01
3.893529433414534280e-01,4.206623637243098734e-01,9.207647318999607755e-01
9.111565132881327411e-02,5.806078462784736161e-01,8.340748278852935238e-01
6.299509968340152311e-01,2.056025023102463489e-01,9.416421566310018143e-02
5.716316091470408089e-02,6.678421499569343611e-01,9.395344153803134590e-01
2.573474154857944285e-01,2.278593203862190331e-01,3.447945678086717924e-01
9.956379751603525730e-01,4.504930071175879958e-01,5.749833782237065982e-01
2.350520162217641928e-01,8.234848983435150149e-02,1.330324251744466890e-01
6.781110819453465277e-01,1.776091569007202109e-01,8.995864126794130833e-01
6.888303217716824633e-01,8.468445585427003541e-01,3.715201642657423031e-01
4.590084693342268984e-01,2.248171480805456479e-01,6.334393749109339389e-01
5.013123482681489662e-01,8.779877404713087863e-01,2.494668959836829902e-01
7.594381590658398906e-01,1.932109903560719211e-01,4.206769769159315331e-01
8.703668191415013800e-01,7.184789828099548137e-01,3.386900527376301984e-02
6.824243535519796122e-01,4.268296815305019365e-01,3.582066489056002778e-01
4.026916007308248835e-01,2.337009000935801328e-01,4.230350965226969961e-02
7.444340078984845732e-02,9.474810711084021841e-01,7.904402421231251363e-01
5.508739276231067183e-01,9.019813759009578380e-01,8.313437456157107830e-01
3.246831215441111640e-01,4.609730528271869243e-01,9.161837648739281637e-01
3.035123443736981175e-01,4.765576555388195690e-02,6.133770163128242636e-01
6.250207039796532582e-01,1.594439640432154803e-04,6.050264583648455874e-01
3.748985689575234925e-02,9.118830891866864796e-01,4.425622303107743516e-01
4.555156917120556370e-01,9.796835905142499135e-01,3.381369325636340850e-02
5.972692682898580463e-01,1.916627817683365098e-01,2.240485661858374611e-01
5.622956606285042236e-01,5.421511003260687245e-01,4.811030598494822064e-01
9.604456077674476955e-01,6.090648394702095070e-01,2.340051695371996310e-01
2.142039657056260538e-01,9.032927148644563919e-01,6.392825644322921441e-01
6.227367050532945925e-01,6.360545614475502374e-01,7.920116920264251847e-01
1.164367391379076411e-01,1.704630467502927793e-01,4.083438370481961011e-01
8.758579117172318185e-01,4.419780263062056402e-01,4.276649341347578126e-01
9.270554096479171058e-01,7.089111756113438689e-01,8.975242481452674337e-01
8.825346770830886367e-01,3.245534010057826713e-01,7.414912104303397200e-01
2.534970696979487181e-01,6.192733769906311192e-02,4.287779603894303904e-01
2.494479926350001708e-02,7.464149286825746410e-01,1.149669505537825875e-01
3.932999895134636770e-02,5.260396890219141142e-01,4.230157255722232224e-01
5.026327581963928592e-01,7.797430324710297178e-02,2.920535410839649737e-01
3.715719716955135921e-01,6.499837372465988583e-01,1.808512095630409044e-01
2.510553577128383784e-01,6.173934099064566361e-01,1.441862258337399672e-01
1.305462530857011139e-01,8.438430909830852977e-01,2.969148478244370004e-01
5.135134589727072818e-01,6.260747201619184521e-01,6.600645015975280527e-01
9.471127255283074975e-01,3.907990172616934155e-01,3.672228915993291931e-01
4.548844085196190878e-01,1.534738174788522480e-01,8.852571955935588655e-01
9.975195363248280378e-01,7.327343268280994693e-02,7.109272516344665727e-01
1.725589549824306790e-01,9.179528508254503061e-01,8.006247612020603865e-01
5.267780565046099595e-01,9.797843154538486976e-01,8.397180982318658282e-01
4.216263272816600516e-01,9.891204823462173001e-01,7.913634912438605173e-01
6.588343701006851294e-01,4.579081234916584364e-01,3.275554828536400009e-01
4.296464225002271098e-01,9.000712150139942302e-01,9.009919145823607201e-01
5.184879647632284483e-01,3.120078098746126294e-02,8.207128255326688882e-01
7.774457407648470708e-01,9.379530062197853901e-01,8.229238770462279362e-01
5.051330383752180575e-01,6.303472638529519223e-01,7.806943901423207821e-01
1.395603150679015636e-01,3.382675927016020045e-01,6.272579222450320735e-01
4.488927270024305471e-01,8.920985924216339180e-01,9.293587486231196237e-01
8.604757652033364623e-01,6.601362962019640124e-01,5.199699805684652176e-01
8.658002980063839171e-02,7.993914183226088488e-01,3.130414023100047682e-02
5.503898114060196134e-01,5.474083169340339117e-01,5.823086086810591588e-01
1.558128761799297823e-01,7.119133898307822284e-01,6.876155052472008311e-01
4.851243374166274158e-01,1.260091435819217232e-01,3.467225458206247835e-01
3.487320678883985003e-01,3.491558554109654988e-01,2.993044627561383120e-01
4.721864002501885427e-02,7.142127171625649584e-01,7.061933374193314350e-01
4.047887242328588320e-01,6.021550538454445434e-02,3.980682328701050654e-01
1.963259172367574079e-01,8.477488587578042578e-01,4.866024729055729026e-02
1.468126865451409024e-01,8.172968242958233986e-01,4.282024585860000343e-01
4.725041638774332142e-01,7.583983860194729587e-01,8.546284046780139310e-02
2.309556229405841377e-01,5.840299949295600923e-01,8.399309670449920384e-01
8.029049714476113042e-01,1.480435054574424925e-02,4.794749744444961603e-01
5.530387018838283097e-01,3.773955909701569578e-01,5.250401162510902608e-01
7.729297975994654513e-01,8.976432169683509210e-01,1.652652290680922675e-01
6.280756916250702648e-01,6.336567578031481185e-01,4.927251140026595033e-01
5.204864438259507731e-01,5.739472460587203839e-01,9.588136444578159168e-01
2.686339110059871027e-01,4.080497363328685623e-01,8.918660292913982435e-01
1.713332342910744988e-02,4.638050061124264767e-01,4.051911062732908020e-01
8.522594997036399000e-01,7.962335702358995793e-01,3.319918751351664810e-01
9.063161473727291417e-01,9.553049141484803997e-02,4.032984995155879382e-01
9.905325631734142044e-01,2.357893326076275775e-01,9.866406945634176306e-01
7.734791812055982207e-01,1.162066999345716667e-01,1.077690772417529974e-01
8.120937058239265927e-01,5.411999659530548623e-01,9.101509913819083586e-03
2.137521666235113749e-01,3.538309773291643534e-01,8.131589688225725476e-01
1.933610637249426611e-01,1.990681924219983578e-01,2.596610231434673954e-01
1.563610467105115420e-01,3.003423346623274037e-01,8.306182761987388474e-01
8.673681790843946748e-01,6.996605479013440210e-02,2.016272208175966529e-01
3.248378879205334746e-01,1.449180837107028053e-01,3.134549760343947611e-01
4.003006451175818992e-01,3.532078531406344091e-01,7.200047713267890837e-01
3.702249414877840650e-01,1.867644543909880994e-01,8.052895408680748046e-01
9.851270305078709821e-01,2.724031187904158990e-01,7.024697443984648793e-01
9.341835604324364439e-01,5.223046233771068136e-01,5.440368575826199926e-01
8.820383021437971927e-02,5.222881398971446210e-01,5.597672626528548134e-01
9.227899201277768304e-01,2.893118958262563822e-01,4.488619075373054823e-01
5.961735748149183944e-01,1.146154638738895448e-01,6.664338752792390297e-01
1.045306783274961848e-01,1.019516437669556463e-01,8.076990477990089179e-01
3.278793060286562255e-01,7.999304225972141413e-01,3.493146126348086744e-01
8.769884793854163529e-01,2.089588534906949846e-02,1.896050534975189938e-01
7.856400822672108264e-01,9.589557866735278768e-01,4.417072044291022737e-01
4.609401514120556875e-01,3.106739048271750514e-01,2.206357644587219058e-01
1.257690520834279235e-01,5.164518909804428626e-01,3.664450393134784933e-01
2.440188570444549176e-01,9.369593382045594554e-01,4.824643175700854547e-01
1.023049364690937768e-01,9.174764604042520144e-01,4.878288019334370285e-01
7.786018368909985998e-01,2.458991085414227173e-01,2.784913723575259681e-01
4.868844544751166348e-01,9.078587332789452846e-01,7.735524819542114461e-01
8.759979954340936237e-01,3.427912298956599102e-01,7.215253422260630156e-01
8.752359157076338159e-01,3.673589406450338268e-01,6.396974008504024978e-01
7.037559076038059080e-01,3.152240614703560873e-02,6.081066482242430959e-01
3.517016498801323054e-01,2.140570435286152096e-01,5.112246088557421686e-01
8.427605078772940628e-01,4.237368400840855198e-01,5.220575863512375570e-01
1.050171229432813602e-01,1.635249976514702164e-01,2.321346483327064725e-01
8.612966284130417760e-01,6.638456240419542409e-01,3.768300104996002986e-02
6.351159916232709257e-01,3.687096972983879839e-01,1.115956314133856875e-01
2.487891387651174346e-01,5.904206811528458498e-01,4.368501523647858598e-01
5.682950729400291223e-01,9.534498677229907848e-01,2.099984446874286759e-01
7.282582861837226806e-01,4.590128650290509205e-01,7.400822111521524471e-01
7.306209899671660679e-01,8.129472564639411702e-01,4.579492700084095702e-01
5.474368325540810432e-01,5.718709729096833616e-01,4.412005433238880281e-01
2.336053504921550283e-01,2.748387958915748941e-01,1.044222905028088233e-01
5.942119209045068073e-01,5.498388396676225920e-01,7.483226015338241277e-01
1.730618856601326971e-01,1.449392057708021042e-02,7.722481630232520544e-01
8.475211177426256182e-02,2.054139160779566708e-01,4.618890181730456179e-01
9.310639391607996584e-01,4.449465044222772336e-01,8.613638932312260854e-01
8.527859069622338861e-01,8.228150574929169458e-01,9.520641749770804019e-01
6.190224451138507389e-01,9.795962136325819802e-02,4.275170846831483074e-01
5.404624615665128973e-01,8.249592273337856829e-01,3.147212321063130869e-02
6.693181122366498315e-01,1.288215578551632490e-02,5.483312083020885908e-02
2.187989833410876050e-01,8.193031162678385826e-01,4.294416994670867682e-01
9.852477075285476227e-01,9.583730846208327048e-01,9.258775060541758473e-01
6.951071971258820925e-01,7.009835960411230360e-01,9.107942720034556405e-02
6.483614689103739392e-01,9.273308161697235708e-02,1.532694766167521649e-01
1.397449063248943357e-01,4.070309905144170459e-01,4.247645096035863599e-01
5.365581974301346646e-01,6.161987064308581674e-01,5.603558536366216591e-01
8.809186936721844496e-01,5.511611446694756333e-01,5.271642156281716174e-01
8.912258565277415556e-01,4.995170497149041822e-01,3.698409467360420644e-01
9.386562087713035130e-01,1.607943225297441270e-01,7.643093210155162964e-01
7.267610552143382030e-01,5.094201992426520276e-01,7.780907250667046249e-02
5.916909060592079328e-01,7.310398956101963330e-01,2.354815096151390286e-01
1.945432350779809916e-01,7.501602059910312814e-01,3.118376981554701333e-01
3.985487926479891474e-02,2.701626341373739582e-01,7.187085876309894372e-01
8.402033805399200528e-01,8.382284115666753799e-01,1.917785642348002195e-02
7.906749283665790440e-01,3.577481025618822752e-01,6.271293617996100966e-01
7.573568564910171386e-01,5.274581731062969459e-01,3.220991891543562025e-01
3.014002240347515293e-01,7.141887769138322017e-01,5.327930378888185992e-01
2.798493240050717867e-01,5.930011200792716375e-01,7.166575756495840999e-01
2.639310005002422077e-01,2.200613890363931624e-01,5.521585222581348873e-02
4.268520635569981181e-01,1.200231918678076326e-01,9.517712197553462872e-02
1.183714667131168241e-01,4.031688963800894587e-02,1.115306550267276542e-01
2.167887672747395023e-01,7.772034345177940562e-01,1.022711759733102577e-01
1.148030210532469120e-01,3.711864896718318763e-01,6.052232509258400617e-01
3.899134293619226366e-01,1.084257333066520612e-01,5.841954080210779443e-01
9.050202296999448892e-01,5.419716802481123752e-01,8.764082564814373866e-01
7.481082471094266939e-01,8.624816912726551710e-02,8.801878670635449042e-01
4.010447917646875471e-01,3.751762994158371889e-01,2.515969586296177285e-01
9.205617024960318640e-01,8.661694152112564549e-02,9.264228065576920468e-01
2.751913040318330061e-01,7.801252278137674745e-01,6.791789690801399715e-01
7.028969835306854153e-01,2.165187609528619328e-01,1.671008217676301921e-01
4.237475418156441132e-01,1.016398544674876891e-01,8.741179302037846988e-01
3.896073324734687926e-01,6.628692078460275416e-01,3.926680809130407290e-01
2.819518673550073240e-01,5.727404950489133340e-01,5.968334593038824298e-01
9.361467012589390624e-01,9.222473321996144113e-01,9.551631988443054500e-01
4.664077067031839885e-01,5.843410732537765995e-01,7.366896073597060113e-01
9.071390389991411674e-01,4.086373177036550786e-02,8.397732742967732866e-01
5.195615612068820166e-01,7.893295089414464893e-02,4.149761019235330695e-01
1.307793063233696484e-01,7.234803495224817471e-01,5.205495820348046143e-01
5.829879777577052780e-01,1.981289695247395732e-01,5.869581464890283318e-02
5.340645901279119645e-01,2.802946903270817636e-01,2.529267451189075588e-01
5.976778797114998820e-01,1.223025369778304450e-01,7.640943009009686371e-01
9.980272750486970379e-01,7.462347681887143702e-01,2.161874095445699417e-01
8.211093728198641806e-01,1.634673249605298473e-01,3.344387232346568428e-02
6.448049549102928824e-01,1.069961842814501907e-01,4.061183526297362789e-01
5.114905597433475615e-01,5.640920306972986298e-01,8.255455296775805474e-01
4.639409476361805451e-01,2.609627538126358948e-01,2.802653530127409143e-01
1.349016835938148251e-01,4.661669059161969164e-01,9.349580940710017218e-01
4.788765022242633673e-01,3.166405104613779775e-01,6.368666709503197909e-01
4.266884721072372599e-02,2.550570395470797003e-02,3.924151756536505831e-01
8.930259664248795248e-01,4.422359526162237264e-01,8.029520189243743999e-02
5.978516722963405083e-01,2.622180914405658481e-01,1.046534316474140303e-01
7.654024323821259079e-01,5.638828394002767253e-01,5.186478589390591809e-01
8.664214461162766945e-02,2.904912007433201326e-01,8.939629961195435515e-01
8.957818646462112344e-02,6.591669792692662622e-01,1.265347524132749424e-01
6.825525722881028434e-01,8.444885710579480564e-01,4.328173246183589784e-01
6.508999411535068003e-01,8.330677438092854992e-01,2.236186141073771561e-01
1.713758867598589308e-01,8.167121207570210428e-01,7.386699790523916231e-01
4.221473571556959570e-01,6.885049963693732344e-01,2.024631455600421903e-01
3.259275122007621039e-02,7.294998037854669715e-01,3.371596118836159839e-01
3.377329107677474740e-01,9.270884652849364915e-02,8.309257691823579428e-01
8.670174646393271622e-01,1.133810749174980481e-01,5.808396116649088281e-01
4.032166045309341085e-01,2.516742489610532818e-01,5.781986172633266641e-01
9.411447744132894755e-01,1.282293237620141246e-01,5.729122621003406302e-01
2.459706899130288393e-01,4.439083850398339859e-01,3.449784441968365423e-01
8.184772230522229242e-01,9.028834583423616111e-01,2.968386006444322378e-01
7.820311589627271243e-01,9.939524600687910105e-01,9.093107699626856721e-02
4.253959208998570052e-02,4.639007693512579023e-01,9.454716859143063035e-01
5.910881257899279762e-01,8.163491720389083328e-01,7.578499109640944864e-01
8.823049908369240413e-01,9.906345529405583550e-01,7.117271586717680565e-01
5.960076274848351563e-01,9.909106275436969646e-01,1.364907787344917800e-01
6.989571950603137296e-01,2.341051435033704164e-01,5.429573851135088836e-01
7.270996735806474209e-01,2.096651401498624834e-01,3.779321294858184466e-01
6.048291931356820639e-01,7.694322676260351157e-01,5.820406985409265488e-01
6.006379589481497527e-01,9.402465167015757741e-01,4.861697980092363203e-01
1.600941506602631126e-01,9.440919287503835022e-01,9.739295181085774189e-01
2.623992975206522749e-01,6.504962751398656318e-01,1.841079713594739875e-01
5.693962697339934875e-01,3.040022792101992888e-01,6.990957358591816106e-01
4.010796974600954190e-01,9.827783391295409343e-01,1.925416624250889663e-01
8.810695099648170325e-01,9.337457775924539183e-01,7.325656475061631534e-01
6.200497473422466044e-01,2.051014252030060048e-01,8.700384449763920447e-02
7.637823601932165474e-01,9.778962671620602398e-01,5.774764580981123219e-01
9.704971786008455004e-01,3.038282272808235929e-01,7.423366645433449040e-01
4.048608787570202594e-01,8.662771903621114822e-01,9.412351933283057415e-01
6.518763832352207910e-01,8.138014932548852665e-01,7.409116260720408631e-01
5.695281352885277482e-01,6.129458900539958011e-01,8.711238256382516365e-01
5.401623391040450972e-01,9.723180540545404149e-01,6.242680584727872128e-01
8.021204914183595047e-01,2.053049979855621210e-01,5.708536834105738533e-01
1.691516166247919450e-02,3.466542684913279659e-01,3.569458637979048277e-01
1.085031946857800689e-01,1.194682207821079478e-01,8.256692955542188628e-01
6.596688202315662553e-01,5.290463331170184302e-01,5.536559067666699807e-01
9.553768266496690531e-01,9.216857724268805452e-01,2.602623233592674667e-01
3.083144195457928616e-01,7.420459534136584212e-01,8.758586207784901934e-01
4.804590688188893344e-01,3.541213862177108318e-01,9.456755031483967677e-01
7.591528029198437721e-01,5.276804148164641051e-01,7.253696701395500046e-01
7.506014595267241907e-01,3.405259023540805341e-01,1.877039012957312236e-01
9.446416300061392102e-01,8.386534687561659762e-01,5.756909561061502867e-01
5.593488314496111169e-01,1.056733747912149690e-01,1.481227709901943301e-01
1.659335239610912893e-01,2.933721772844637421e-01,9.146169058947682950e-01
7.816241260152017034e-01,9.206803016986768728e-01,1.341305492770369368e-01
4.096326656779958331e-02,1.095760724570342681e-01,3.424540886086976377e-01
4.471973298944029729e-01,5.013269936027453522e-01,8.747399512900000396e-02
1.523771091443274495e-01,1.719639061665269031e-01,3.411470929037465627e-01
3.246098365050668066e-01,3.709317454901013278e-01,4.026700711649557896e-01
7.339362533774120845e-01,3.116941841902145516e-01,4.016836201863080991e-01
6.265770503947889480e-01,9.789477240269778280e-01,4.961499275443631563e-01
1.631816328345853107e-01,9.802537959617593222e-01,5.899229486744406170e-01
2.482496651855088388e-01,8.717154492999834581e-01,6.244499836798179659e-01
7.770616691553294819e-01,9.571423353524515232e-01,2.959593421794115553e-02
7.465602708143437294e-01,8.834638425197437472e-01,7.100329330069337086e-01
8.638425510674142549e-01,2.570137994929997394e-01,2.435533093212837175e-01
1.741553213915841836e-01,1.753197351992549224e-01,3.810396134777492838e-01
9.690954767982888907e-01,8.413441362131982570e-01,9.220512554609955336e-01
3.431374181100741438e-01,2.954356097028184580e-01,6.005228953560015626e-02
9.121438306868474566e-01,2.147496265684525341e-01,3.393512291395551772e-01
6.185874819923729007e-01,3.448392290945192507e-01,8.714648251162238068e-02
7.688561618917018059e-01,5.986046248547498561e-01,1.994491791621924026e-01
